# NaN NaN NaN ;Mean Elev.(m), Avg Gradient(m/km), RMS Gradient(m/km) - SRTM1     
#   82.672  -2.157  45.873 ;Mean Elev.(m), Avg Gradient(m/km), RMS Gradient(m/km) - ASTER GDEM
#   14.691  -2.598  26.153 ;Mean Elev.(m), Avg Gradient(m/km), RMS Gradient(m/km) - GMTED2010 
  7 301.392710   5.697752    15.216    15.240  7 52458.07715675 51.468
  8 301.394595   5.723212    12.222    12.089 12 52493.07713877 43.073
 10 301.392238   5.715072     9.364     9.344 14 52563.07715778 46.064
 12 301.392106   5.692669    10.717    10.726  6 52633.07712030 52.207
 13 301.391977   5.691600     9.125     9.126  6 52668.07713647 36.864
 14 301.393033   5.720439     8.957     8.945 12 52703.07711903 38.039
 16 301.392398   5.716943    12.144    12.147 14 52773.07711725 49.951
 17 301.391452   5.688385    13.882    13.858  5 52808.07717555 51.301
 18 301.392263   5.695614    13.072    13.066  6 52843.07723474 52.445
 19 301.392011   5.691194    11.922    11.928  6 52878.07727211 51.612
 20 301.394156   5.721771    10.325    10.293 12 52913.07723596 38.976
 21 301.392572   5.716865     9.471     9.464 14 52948.07719276 38.674
 23 301.392199   5.701495    10.425    10.383  8 53018.07721681 52.587
 24 301.392138   5.713504     9.103     9.083 14 53053.07720094 45.207
 25 301.387204   5.686972     9.233     9.238  5 53088.07723273 44.939
 26 301.392322   5.695729    10.649    10.642  6 53123.07720455 53.544
 27 301.387809   5.687540    14.395    14.391  5 53158.07726082 51.765
 28 301.392277   5.717339    13.500    13.514 13 53193.07726003 42.627
 30 301.391636   5.692014    11.494    11.494  5 53263.07722478 51.644
 31 301.385109   5.687405    10.170    10.170  2 53298.07726368 53.290
 33 301.391828   5.715707     9.192     9.195 14 53368.07718356 51.024
 35 301.391159   5.711746     9.615     9.681 13 53438.07720098 43.041
 36 301.390661   5.687188    11.831    11.837  5 53473.07725222 50.932
 37 301.391587   5.693092    13.446    13.463  6 53508.07727942 51.456
 38 301.390722   5.688379    13.510    13.513  5 53543.07728867 50.993
 39 301.391951   5.694520    13.068    13.074  6 53578.07727347 51.182
 40 301.391807   5.691045    12.841    12.845  5 53613.07722568 46.698
 41 301.391618   5.708201    10.343    10.379 12 53648.07723445 51.217
 42 301.389672   5.686689     9.606     9.595  6 53683.07724528 50.313
 43 301.392281   5.716214    10.566    10.547 14 53718.07717795 51.563
 44 301.393389   5.722160    13.049    13.038 12 53753.07709983 51.796
 45 301.392583   5.717272    10.421    10.411 13 53788.07712900 50.423
 46 301.391655   5.715006    10.205    10.262 14 53823.07708353 38.895
 47 301.390635   5.687622    10.916    10.911  5 53858.07717068 51.454
 48 301.392267   5.715733    14.228    14.230 14 53893.07719057 51.515
 49 301.384563   5.686417    15.627    15.627  2 53928.07724388 51.874
 50 301.388759   5.685777    14.094    14.089  5 53963.07722591 51.892
 51 301.391663   5.709364    11.766    11.795 12 53998.07717806 52.574
 52 301.391575   5.712648    10.374    10.370 14 54033.07722784 51.118
 54 301.392092   5.701089    10.382    10.429  8 54103.07717784 47.583
 55 301.392195   5.696123     9.734     9.780  6 54138.07714783 34.353
 56 301.392837   5.695170    10.154    10.153  6 54173.07715470 51.260
 57 301.391813   5.693430    13.344    13.352  6 54208.07715271 52.214
 59 301.392547   5.697903    15.467    15.454  7 54278.07719933 52.043
 60 301.391772   5.708217    14.705    14.714 11 54313.07720125 52.229
 61 301.391425   5.708022    13.231    13.253 12 54348.07717259 49.187
 62 301.392395   5.701209    11.107    11.116  8 54383.07713741 51.539
 63 301.392154   5.700447    10.324    10.340  9 54418.07712032 50.168
 64 301.392153   5.698796    10.836    10.829  7 54453.07710693 51.451
 65 301.392047   5.707675    10.391    10.427 12 54488.07711985 31.725
 66 301.391723   5.707822    12.006    12.044 11 54523.07712167 52.364
 67 301.392772   5.698188     9.736     9.822  7 54558.07712791 36.425
 68 301.392558   5.694677    10.698    10.766  6 54593.07711582 29.743
 69 301.392631   5.695858    13.133    13.120  6 54628.07713088 52.298
 70 301.391654   5.692210    15.053    15.054  5 54663.07713741 52.587
 71 301.392203   5.708126    13.863    13.879 12 54698.07711452 48.511
 72 301.392698   5.694737    11.470    11.524  6 54733.07709531 20.154
 73 301.391907   5.705432    10.076    10.150 11 54768.07709306 33.632
 74 301.392271   5.692528    10.171    10.171  6 54803.07708818 48.701
 75 301.392098   5.701784    12.505    12.542  8 54838.07708594 51.970
 76 301.392706   5.694065    11.559    11.602  6 54873.07708803 31.392
 77 301.392392   5.693888    11.156    11.174  6 54908.07709102 20.775
 78 301.392060   5.692543    11.995    12.006  5 54943.07708072 51.262
 79 301.392160   5.694000    10.118    10.144  6 54978.07710869 40.385
 80 301.392725   5.695327    13.032    13.018  6 55013.07711498 52.435
 81 301.392381   5.701111    12.089    12.136  8 55048.07710888 53.072
 82 301.392343   5.702285    10.044    10.057  9 55083.07707962 52.957
 83 301.391258   5.707656     9.477     9.495 12 55118.07704174 47.013
 84 301.392465   5.695727     9.514     9.521  7 55153.07703621 48.743
 85 301.392025   5.694814    10.414    10.406  6 55188.07702746 52.193
 86 301.392871   5.695196     9.953     9.943  6 55223.07703540 52.431
 87 301.392247   5.702870     9.756     9.788 10 55258.07702447 46.908
 88 301.392274   5.699864     9.852     9.861  9 55293.07702378 52.079
 89 301.391577   5.691913    13.351    13.352  5 55328.07700670 50.643
 90 301.392280   5.700183    15.177    15.209  9 55363.07700326 51.004
 91 301.392230   5.695979    15.252    15.260  6 55398.07701102 51.543
 92 301.392047   5.708420    15.264    15.262 12 55433.07702067 49.262
 93 301.392102   5.708668    11.981    11.963 12 55468.07697817 50.124
