# NaN NaN NaN ;Mean Elev.(m), Avg Gradient(m/km), RMS Gradient(m/km) - SRTM1     
#   82.672  -2.157  45.873 ;Mean Elev.(m), Avg Gradient(m/km), RMS Gradient(m/km) - ASTER GDEM
#   14.691  -2.598  26.153 ;Mean Elev.(m), Avg Gradient(m/km), RMS Gradient(m/km) - GMTED2010 
  7    15.288 52458.07715482 51.27 301.394902   5.687837 31.670
  7    15.266 52458.07715546 52.93 301.394177   5.691144 34.655
  7    15.293 52458.07715611 50.85 301.393447   5.694444 34.655
  7    15.278 52458.07715675 52.17 301.392707   5.697754 34.655
  7    15.129 52458.07715740 51.34 301.391977   5.701054 34.655
  7    15.149 52458.07715804 50.02 301.391247   5.704364 34.655
  7    15.113 52458.07716191 51.08 301.386867   5.724194 34.655
  8    12.198 52493.07713523 47.78 301.398616   5.705029 21.089
  8    12.210 52493.07713587 44.59 301.397886   5.708339 21.089
  8    12.163 52493.07713652 37.68 301.397156   5.711639 21.089
  8    12.083 52493.07713716 37.63 301.396426   5.714949 21.089
  8    12.030 52493.07713781 39.24 301.395696   5.718259 21.089
  8    12.020 52493.07713845 41.02 301.394956   5.721559 21.089
  8    11.979 52493.07713910 44.35 301.394232   5.724865 21.191
  8    12.059 52493.07713974 48.57 301.393502   5.728165 21.191
  8    12.085 52493.07714039 43.17 301.392762   5.731475 21.191
  8    12.025 52493.07714103 32.60 301.392032   5.734775 21.191
  8    11.893 52493.07714168 22.87 301.391302   5.738085 21.191
  8    13.921 52493.07714232 19.71 301.390572   5.741395 21.191
 10     9.708 52563.07715359 46.29 301.396997   5.693590 32.209
 10     9.332 52563.07715424 52.70 301.396257   5.696890 32.209
 10     9.389 52563.07715488 40.03 301.395527   5.700200 32.209
 10     9.386 52563.07715552 39.94 301.394797   5.703500 32.209
 10     9.384 52563.07715617 39.76 301.394067   5.706810 32.209
 10     9.375 52563.07715681 44.98 301.393337   5.710110 32.209
 10     9.441 52563.07715746 45.89 301.392607   5.713420 32.209
 10     9.482 52563.07715810 46.58 301.391877   5.716720 32.209
 10     9.435 52563.07715875 46.70 301.391137   5.720030 32.209
 10     9.391 52563.07715939 49.22 301.390407   5.723330 32.209
 10     9.368 52563.07716004 40.56 301.389677   5.726640 32.209
 10     8.971 52563.07716068 30.90 301.388947   5.729946 17.049
 10     9.227 52563.07716133 36.05 301.388217   5.733256 17.049
 10     9.213 52563.07716197 46.50 301.387487   5.736556 17.049
 12    10.748 52633.07711869 50.74 301.393937   5.684404 38.574
 12    10.799 52633.07711934 55.74 301.393207   5.687714 38.574
 12    10.734 52633.07711998 52.40 301.392467   5.691014 38.574
 12    10.644 52633.07712062 47.39 301.391737   5.694324 38.574
 12    10.674 52633.07712127 51.25 301.391007   5.697624 38.574
 12    10.704 52633.07712191 51.52 301.390277   5.700934 38.574
 13     9.158 52668.07713486 23.06 301.393806   5.683335 30.143
 13     9.145 52668.07713551 25.12 301.393076   5.686645 30.143
 13     9.165 52668.07713615 30.64 301.392346   5.689945 30.143
 13     9.071 52668.07713680 33.58 301.391616   5.693255 30.143
 13     9.104 52668.07713744 36.86 301.390876   5.696555 30.143
 13     9.106 52668.07713809 43.08 301.390146   5.699865 30.143
 14     8.885 52703.07711548 30.28 301.397052   5.702262 32.752
 14     8.854 52703.07711613 26.64 301.396322   5.705562 32.752
 14     9.010 52703.07711677 26.79 301.395592   5.708872 32.752
 14     8.964 52703.07711742 28.66 301.394862   5.712172 32.752
 14     8.914 52703.07711806 29.16 301.394132   5.715482 32.752
 14     8.945 52703.07711870 34.00 301.393402   5.718782 32.752
 14     9.108 52703.07711935 45.94 301.392672   5.722092 32.752
 14     9.016 52703.07711999 40.32 301.391942   5.725402 32.752
 14     8.941 52703.07712064 29.17 301.391202   5.728702 32.752
 14     8.976 52703.07712128 28.35 301.390472   5.732002 32.752
 14     8.941 52703.07712193 31.58 301.389742   5.735312 32.752
 14     8.931 52703.07712257 42.39 301.389010   5.738618 16.016
 16    12.257 52773.07711306 45.14 301.397151   5.695458 37.434
 16    12.156 52773.07711371 51.92 301.396421   5.698768 37.434
 16    12.112 52773.07711435 50.85 301.395691   5.702068 37.434
 16    12.169 52773.07711500 52.60 301.394951   5.705378 37.434
 16    12.209 52773.07711564 48.82 301.394221   5.708678 37.434
 16    12.207 52773.07711629 50.08 301.393491   5.711988 37.434
 16    12.182 52773.07711693 51.76 301.392761   5.715288 37.434
 16    12.113 52773.07711758 52.09 301.392031   5.718598 37.434
 16    12.125 52773.07711822 50.00 301.391301   5.721898 37.434
 16    12.093 52773.07711886 49.76 301.390571   5.725208 37.434
 16    12.144 52773.07711951 50.94 301.389841   5.728508 37.434
 16    12.118 52773.07712015 48.04 301.389111   5.731818 37.434
 16    11.995 52773.07712080 37.26 301.388381   5.735128 37.434
 16    12.132 52773.07712144 41.74 301.387651   5.738428 37.434
 17    14.010 52808.07717426 51.34 301.392920   5.681772 42.976
 17    13.889 52808.07717490 52.68 301.392180   5.685082 42.976
 17    13.841 52808.07717555 53.38 301.391450   5.688382 42.976
 17    13.827 52808.07717619 45.29 301.390720   5.691692 42.976
 17    13.841 52808.07717684 50.07 301.389990   5.694992 42.976
 18    13.141 52843.07723313 54.10 301.394094   5.687354 37.036
 18    13.068 52843.07723377 53.71 301.393364   5.690654 37.036
 18    13.001 52843.07723442 52.42 301.392624   5.693964 37.036
 18    13.064 52843.07723506 51.93 301.391894   5.697264 37.036
 18    13.104 52843.07723571 51.16 301.391164   5.700574 37.036
 18    13.056 52843.07723635 50.02 301.390434   5.703874 37.036
 19    11.977 52878.07727050 49.98 301.393841   5.682929 42.759
 19    11.979 52878.07727114 52.69 301.393111   5.686239 42.759
 19    11.885 52878.07727179 52.53 301.392381   5.689539 42.759
 19    11.865 52878.07727243 49.96 301.391641   5.692849 42.759
 19    11.898 52878.07727308 51.89 301.390911   5.696149 42.759
 19    11.929 52878.07727372 51.81 301.390181   5.699459 42.759
 20    10.543 52913.07723242 39.18 301.398179   5.703590 27.295
 20    10.497 52913.07723306 37.54 301.397449   5.706900 27.295
 20    10.387 52913.07723371 27.26 301.396709   5.710200 27.295
 20    10.279 52913.07723435 23.23 301.395979   5.713510 27.295
 20    10.275 52913.07723500 23.47 301.395249   5.716810 27.295
 20    10.301 52913.07723564 29.05 301.394519   5.720120 27.295
 20    10.336 52913.07723628 33.43 301.393789   5.723420 27.295
 20    10.227 52913.07723693 32.28 301.393059   5.726730 27.295
 20    10.201 52913.07723757 26.40 301.392329   5.730040 27.295
 20    10.198 52913.07723822 23.52 301.391599   5.733340 27.295
 20    10.345 52913.07723886 37.40 301.390869   5.736650 27.295
 20    10.308 52913.07723951 48.39 301.390139   5.739950 27.295
 21     9.846 52948.07718857 45.34 301.397332   5.695383 20.453
 21     9.459 52948.07718922 47.07 301.396592   5.698683 20.453
 21     9.342 52948.07718986 28.63 301.395862   5.701993 20.453
 21     9.272 52948.07719051 25.38 301.395132   5.705293 20.453
 21     9.488 52948.07719115 25.75 301.394402   5.708603 20.453
 21     9.540 52948.07719180 31.39 301.393668   5.711907 25.428
 21     9.544 52948.07719244 30.23 301.392938   5.715217 25.428
 21     9.459 52948.07719309 30.92 301.392208   5.718517 25.428
 21     9.635 52948.07719373 38.52 301.391478   5.721827 25.428
 21     9.609 52948.07719437 35.58 301.390738   5.725127 25.428
 21     9.256 52948.07719502 26.49 301.390008   5.728437 25.428
 21     9.256 52948.07719566 25.38 301.389278   5.731737 25.428
 21     9.393 52948.07719631 26.71 301.388548   5.735047 25.428
 21     9.499 52948.07719695 29.64 301.387818   5.738347 25.428
 23    10.720 53018.07721455 48.85 301.394758   5.689924 40.793
 23    10.529 53018.07721520 54.11 301.394028   5.693234 40.793
 23    10.385 53018.07721584 52.77 301.393298   5.696534 40.793
 23    10.305 53018.07721649 54.81 301.392558   5.699844 40.793
 23    10.346 53018.07721713 52.70 301.391828   5.703144 40.793
 23    10.374 53018.07721778 51.23 301.391098   5.706454 40.793
 23    10.372 53018.07722100 51.70 301.387448   5.722984 40.793
 23    10.369 53018.07722164 51.99 301.386718   5.726284 40.793
 24     8.932 53053.07719675 43.69 301.396896   5.692017 35.191
 24     9.402 53053.07719739 48.91 301.396166   5.695327 35.191
 24     9.384 53053.07719804 46.83 301.395426   5.698627 35.191
 24     9.125 53053.07719868 36.57 301.394696   5.701937 35.191
 24     9.044 53053.07719933 43.52 301.393966   5.705237 35.191
 24     9.108 53053.07719997 46.42 301.393236   5.708547 35.191
 24     9.182 53053.07720062 42.11 301.392506   5.711847 35.191
 24     9.024 53053.07720126 43.32 301.391776   5.715157 35.191
 24     9.120 53053.07720191 41.70 301.391046   5.718467 35.191
 24     9.132 53053.07720255 43.29 301.390306   5.721767 35.191
 24     9.101 53053.07720319 46.44 301.389576   5.725077 35.191
 24     9.006 53053.07720384 41.54 301.388846   5.728377 35.191
 24     8.930 53053.07720448 42.74 301.388114   5.731683 18.178
 24     8.951 53053.07720513 49.69 301.387384   5.734983 18.178
 25     9.188 53088.07723144 39.52 301.388666   5.680362 32.797
 25     9.242 53088.07723209 42.42 301.387936   5.683662 32.797
 25     9.236 53088.07723273 45.40 301.387206   5.686972 32.797
 25     9.270 53088.07723338 38.65 301.386476   5.690272 32.797
 25     9.231 53088.07723402 49.42 301.385736   5.693582 32.797
 26    10.683 53123.07720293 55.87 301.394152   5.687469 42.988
 26    10.651 53123.07720358 54.48 301.393422   5.690769 42.988
 26    10.622 53123.07720422 54.56 301.392692   5.694079 42.988
 26    10.585 53123.07720487 52.49 301.391952   5.697379 42.988
 26    10.633 53123.07720551 51.87 301.391222   5.700689 42.988
 26    10.725 53123.07720616 48.64 301.390492   5.703989 42.988
 27    14.387 53158.07725953 53.08 301.389267   5.680933 48.140
 27    14.382 53158.07726018 50.79 301.388537   5.684233 48.140
 27    14.390 53158.07726082 45.42 301.387810   5.687540 23.264
 27    14.399 53158.07726147 53.71 301.387080   5.690840 23.264
 27    14.418 53158.07726211 51.98 301.386350   5.694150 23.264
 28    13.596 53193.07725617 29.50 301.396661   5.697509 19.332
 28    13.578 53193.07725681 31.51 301.395931   5.700809 19.332
 28    13.542 53193.07725745 32.82 301.395201   5.704119 19.332
 28    13.470 53193.07725810 33.98 301.394471   5.707419 19.332
 28    13.481 53193.07725874 34.22 301.393741   5.710729 19.332
 28    13.494 53193.07725939 33.92 301.393011   5.714029 19.332
 28    13.514 53193.07726003 36.38 301.392281   5.717339 19.332
 28    13.533 53193.07726068 39.56 301.391551   5.720649 19.332
 28    13.558 53193.07726132 40.90 301.390811   5.723949 19.332
 28    13.476 53193.07726197 39.94 301.390086   5.727256 29.277
 28    13.356 53193.07726261 38.40 301.389356   5.730556 29.277
 28    13.438 53193.07726326 46.38 301.388616   5.733866 29.277
 28    13.468 53193.07726390 51.47 301.387886   5.737176 29.277
 30    11.501 53263.07722350 52.73 301.393096   5.685404 35.980
 30    11.502 53263.07722414 53.15 301.392366   5.688704 35.980
 30    11.495 53263.07722478 49.67 301.391636   5.692014 35.980
 30    11.483 53263.07722543 48.73 301.390906   5.695314 35.980
 30    11.486 53263.07722607 52.27 301.390176   5.698624 35.980
 31    10.172 53298.07726336 53.87 301.385474   5.685750 34.891
 31    10.167 53298.07726401 52.62 301.384744   5.689060 34.891
 33     9.452 53368.07717937 49.60 301.396582   5.694221 39.543
 33     9.252 53368.07718001 53.38 301.395852   5.697531 39.543
 33     9.163 53368.07718066 51.99 301.395122   5.700831 39.543
 33     9.251 53368.07718130 51.99 301.394382   5.704141 39.543
 33     9.244 53368.07718195 50.72 301.393652   5.707441 39.543
 33     9.234 53368.07718259 47.95 301.392922   5.710751 39.543
 33     9.255 53368.07718324 47.46 301.392192   5.714051 39.543
 33     9.236 53368.07718388 51.61 301.391462   5.717361 39.543
 33     9.260 53368.07718453 49.71 301.390732   5.720671 39.543
 33     9.034 53368.07718517 52.71 301.390002   5.723971 39.543
 33     9.033 53368.07718582 51.76 301.389272   5.727281 39.543
 33     9.060 53368.07718646 49.83 301.388542   5.730581 39.543
 33     9.086 53368.07718711 52.47 301.387803   5.733888 18.877
 33     9.131 53368.07718775 48.01 301.387073   5.737188 18.877
 35     9.804 53438.07719711 47.23 301.395547   5.691912 34.966
 35     9.797 53438.07719776 48.55 301.394817   5.695222 34.966
 35     9.646 53438.07719840 46.20 301.394077   5.698522 34.966
 35     9.501 53438.07719905 32.36 301.393347   5.701832 34.966
 35     9.522 53438.07719969 34.84 301.392617   5.705132 34.966
 35     9.710 53438.07720034 44.02 301.391887   5.708442 34.966
 35     9.721 53438.07720098 42.77 301.391157   5.711742 34.966
 35     9.641 53438.07720227 37.11 301.389697   5.718362 34.966
 35     9.620 53438.07720291 39.14 301.388967   5.721662 34.966
 35     9.629 53438.07720356 40.88 301.388237   5.724972 34.966
 35     9.416 53438.07720420 33.13 301.387507   5.728272 34.966
 35     9.418 53438.07720485 27.93 301.386776   5.731579 13.000
 35     9.571 53438.07720549 42.67 301.386036   5.734889 13.000
 36    11.798 53473.07725093 52.69 301.392122   5.680581 41.023
 36    11.822 53473.07725158 50.42 301.391392   5.683881 41.023
 36    11.849 53473.07725222 50.61 301.390662   5.687191 41.023
 36    11.852 53473.07725286 40.89 301.389922   5.690491 41.023
 36    11.834 53473.07725351 52.93 301.389192   5.693801 41.023
 37    13.519 53508.07727781 53.48 301.393414   5.684832 33.764
 37    13.497 53508.07727846 52.30 301.392684   5.688132 33.764
 37    13.449 53508.07727910 53.04 301.391954   5.691442 33.764
 37    13.371 53508.07727975 49.13 301.391224   5.694742 33.764
 37    13.430 53508.07728039 50.60 301.390494   5.698052 33.764
 37    13.411 53508.07728104 46.83 301.389754   5.701352 33.764
 38    13.488 53543.07728738 51.51 301.392183   5.681772 40.157
 38    13.502 53543.07728803 52.59 301.391453   5.685072 40.157
 38    13.533 53543.07728867 49.44 301.390723   5.688382 40.157
 38    13.524 53543.07728932 43.25 301.389983   5.691682 40.157
 38    13.501 53543.07728996 52.93 301.389253   5.694992 40.157
 39    13.147 53578.07727186 52.70 301.393780   5.686260 41.914
 39    13.096 53578.07727250 52.77 301.393050   5.689560 41.914
 39    13.030 53578.07727314 52.17 301.392320   5.692870 41.914
 39    13.046 53578.07727379 47.93 301.391590   5.696170 41.914
 39    13.051 53578.07727443 51.10 301.390850   5.699480 41.914
 39    13.038 53578.07727508 47.52 301.390120   5.702780 41.914
 40    12.870 53613.07722439 44.29 301.393276   5.684432 35.883
 40    12.838 53613.07722504 36.55 301.392546   5.687742 35.883
 40    12.860 53613.07722568 45.40 301.391806   5.691042 35.883
 40    12.832 53613.07722633 47.64 301.391076   5.694352 35.883
 40    12.804 53613.07722697 50.40 301.390346   5.697652 35.883
 41    10.133 53648.07723090 47.48 301.395641   5.690023 37.377
 41    10.380 53648.07723155 53.25 301.394911   5.693323 37.377
 41    10.414 53648.07723219 50.90 301.394181   5.696633 37.377
 41    10.443 53648.07723284 52.44 301.393451   5.699943 37.377
 41    10.405 53648.07723348 52.64 301.392711   5.703243 37.377
 41    10.406 53648.07723412 52.01 301.391981   5.706553 37.377
 41    10.411 53648.07723477 50.74 301.391251   5.709853 37.377
 41    10.343 53648.07723670 48.01 301.389062   5.719769 26.327
 41    10.328 53648.07723735 51.13 301.388332   5.723079 26.327
 41    10.272 53648.07723799 51.02 301.387592   5.726379 26.327
 41    10.277 53648.07723864 49.35 301.386862   5.729689 26.327
 41    10.303 53648.07723928 51.92 301.386132   5.732989 26.327
 42     9.614 53683.07724367 52.13 301.391499   5.678424 39.450
 42     9.605 53683.07724432 52.77 301.390769   5.681734 39.450
 42     9.614 53683.07724496 53.41 301.390039   5.685034 39.450
 42     9.591 53683.07724561 39.88 301.389309   5.688344 39.450
 42     9.584 53683.07724625 39.64 301.388579   5.691644 39.450
 42     9.630 53683.07724690 47.33 301.387839   5.694954 39.450
 43    10.592 53718.07717376 50.28 301.397035   5.694727 39.544
 43    10.705 53718.07717440 51.11 301.396305   5.698037 39.544
 43    10.647 53718.07717505 52.62 301.395565   5.701337 39.544
 43    10.533 53718.07717569 53.03 301.394835   5.704647 39.544
 43    10.566 53718.07717634 51.37 301.394105   5.707947 39.544
 43    10.634 53718.07717698 51.40 301.393375   5.711257 39.544
 43    10.699 53718.07717763 51.93 301.392645   5.714557 39.544
 43    10.619 53718.07717827 52.70 301.391915   5.717867 39.544
 43    10.482 53718.07717892 49.42 301.391185   5.721177 39.544
 43    10.457 53718.07717956 49.08 301.390455   5.724477 39.544
 43    10.473 53718.07718021 50.55 301.389725   5.727787 39.544
 43    10.490 53718.07718085 52.36 301.388995   5.731087 39.544
 43    10.507 53718.07718149 52.40 301.388264   5.734394 14.656
 43    10.524 53718.07718214 51.52 301.387524   5.737704 14.656
 44    13.033 53753.07709629 53.37 301.397411   5.703980 34.470
 44    13.050 53753.07709693 52.74 301.396681   5.707290 34.470
 44    13.079 53753.07709758 51.41 301.395951   5.710590 34.470
 44    13.099 53753.07709822 50.86 301.395221   5.713900 34.470
 44    13.115 53753.07709886 52.08 301.394491   5.717200 34.470
 44    13.086 53753.07709951 51.82 301.393751   5.720510 34.470
 44    13.033 53753.07710015 51.50 301.393021   5.723810 34.470
 44    12.973 53753.07710080 50.73 301.392291   5.727120 34.470
 44    13.030 53753.07710144 51.29 301.391559   5.730425 32.906
 44    13.042 53753.07710209 51.81 301.390829   5.733725 32.906
 44    13.025 53753.07710273 51.69 301.390099   5.737035 32.906
 44    13.020 53753.07710338 51.53 301.389359   5.740335 32.906
 45    10.509 53788.07712513 51.74 301.396965   5.697438 35.616
 45    10.538 53788.07712578 50.57 301.396235   5.700748 35.616
 45    10.538 53788.07712642 51.69 301.395505   5.704048 35.616
 45    10.511 53788.07712707 47.30 301.394775   5.707358 35.616
 45    10.509 53788.07712771 50.41 301.394045   5.710658 35.616
 45    10.511 53788.07712835 52.48 301.393315   5.713968 35.616
 45    10.501 53788.07712900 49.84 301.392585   5.717268 35.616
 45    10.500 53788.07712964 53.05 301.391855   5.720578 35.616
 45    10.320 53788.07713029 48.49 301.391125   5.723888 35.616
 45    10.283 53788.07713093 52.67 301.390385   5.727188 35.616
 45    10.284 53788.07713158 50.89 301.389660   5.730494 17.752
 45    10.278 53788.07713222 36.15 301.388930   5.733794 17.752
 45    10.192 53788.07713287 28.92 301.388200   5.737104 17.752
 46    10.462 53823.07707934 47.96 301.396412   5.693524 27.190
 46    10.388 53823.07707998 45.92 301.395682   5.696824 27.190
 46    10.351 53823.07708063 30.63 301.394952   5.700134 27.190
 46     9.930 53823.07708127 28.89 301.394212   5.703434 27.190
 46     9.378 53823.07708192 24.49 301.393482   5.706744 27.190
 46    10.171 53823.07708256 21.04 301.392752   5.710044 27.190
 46    10.395 53823.07708321 32.41 301.392022   5.713354 27.190
 46    10.480 53823.07708385 30.18 301.391292   5.716654 27.190
 46    10.444 53823.07708450 28.96 301.390562   5.719964 27.190
 46    10.423 53823.07708514 27.52 301.389822   5.723264 27.190
 46    10.182 53823.07708579 24.11 301.389092   5.726574 27.190
 46     9.926 53823.07708643 21.26 301.388362   5.729874 27.190
 46    10.083 53823.07708708 17.12 301.387632   5.733184 27.190
 46    10.262 53823.07708772 16.26 301.386896   5.736489  6.057
 47    10.982 53858.07716939 51.57 301.392095   5.681012 34.534
 47    11.010 53858.07717003 52.85 301.391365   5.684322 34.534
 47    10.902 53858.07717068 51.90 301.390635   5.687622 34.534
 47    10.828 53858.07717132 39.99 301.389905   5.690932 34.534
 47    10.858 53858.07717197 52.96 301.389175   5.694232 34.534
 48    14.243 53893.07718638 51.22 301.397019   5.694251 36.299
 48    14.278 53893.07718702 51.89 301.396289   5.697551 36.299
 48    14.301 53893.07718767 50.72 301.395559   5.700861 36.299
 48    14.297 53893.07718831 50.60 301.394829   5.704161 36.299
 48    14.276 53893.07718895 51.55 301.394099   5.707471 36.299
 48    14.230 53893.07718960 52.19 301.393369   5.710771 36.299
 48    14.255 53893.07719024 52.28 301.392629   5.714081 36.299
 48    14.177 53893.07719089 53.35 301.391899   5.717381 36.299
 48    14.189 53893.07719153 50.11 301.391169   5.720691 36.299
 48    14.191 53893.07719218 48.89 301.390442   5.723996 33.766
 48    14.183 53893.07719282 51.59 301.389712   5.727306 33.766
 48    14.190 53893.07719347 51.81 301.388982   5.730606 33.766
 48    14.189 53893.07719411 51.89 301.388242   5.733916 33.766
 48    14.192 53893.07719476 51.47 301.387512   5.737216 33.766
 49    15.607 53928.07724355 51.68 301.384928   5.684767 24.945
 49    15.646 53928.07724420 52.06 301.384198   5.688067 24.945
 50    14.055 53963.07722462 51.61 301.390227   5.679167 25.185
 50    14.061 53963.07722527 54.66 301.389487   5.682467 25.185
 50    14.088 53963.07722591 49.49 301.388757   5.685777 25.185
 50    14.114 53963.07722656 48.03 301.388027   5.689077 25.185
 50    14.151 53963.07722720 52.63 301.387297   5.692387 25.185
 51    12.014 53998.07717452 50.26 301.395685   5.691189 44.244
 51    11.805 53998.07717516 56.44 301.394955   5.694489 44.244
 51    11.696 53998.07717580 52.43 301.394225   5.697799 44.244
 51    11.844 53998.07717645 52.24 301.393495   5.701099 44.244
 51    11.813 53998.07717709 51.95 301.392765   5.704409 44.244
 51    11.800 53998.07717774 51.72 301.392025   5.707709 44.244
 51    11.765 53998.07717838 52.22 301.391295   5.711019 44.244
 51    11.613 53998.07718032 52.86 301.389105   5.720929 44.244
 51    11.641 53998.07718096 53.05 301.388375   5.724239 44.244
 51    11.738 53998.07718161 51.46 301.387635   5.727539 44.244
 51    11.728 53998.07718225 51.44 301.386905   5.730849 44.244
 51    11.730 53998.07718290 51.30 301.386175   5.734149 44.244
 52    10.517 54033.07722365 43.91 301.396326   5.691163 41.864
 52    10.374 54033.07722430 53.38 301.395596   5.694473 41.864
 52    10.560 54033.07722494 52.50 301.394866   5.697773 41.864
 52    10.393 54033.07722559 53.22 301.394136   5.701083 41.864
 52    10.487 54033.07722623 50.58 301.393406   5.704383 41.864
 52    10.325 54033.07722687 53.47 301.392676   5.707693 41.864
 52    10.378 54033.07722752 52.73 301.391936   5.710993 41.864
 52    10.438 54033.07722816 50.35 301.391206   5.714303 41.864
 52    10.341 54033.07722881 49.77 301.390476   5.717603 41.864
 52    10.200 54033.07722945 47.19 301.389746   5.720913 41.864
 52    10.238 54033.07723010 51.35 301.389016   5.724213 41.864
 52    10.299 54033.07723074 51.50 301.388286   5.727523 41.864
 52    10.350 54033.07723139 48.34 301.387556   5.730833 41.864
 52    10.342 54033.07723203 47.42 301.386816   5.734133 41.864
 54    10.667 54103.07717558 48.42 301.394649   5.689520 34.620
 54    10.592 54103.07717623 52.01 301.393919   5.692830 34.620
 54    10.407 54103.07717687 51.02 301.393189   5.696130 34.620
 54    10.438 54103.07717752 48.17 301.392459   5.699440 34.620
 54    10.300 54103.07717816 39.63 301.391729   5.702740 34.620
 54     9.997 54103.07717881 31.63 301.390999   5.706050 34.620
 54    10.368 54103.07718203 42.42 301.387339   5.722570 34.620
 54    10.286 54103.07718268 39.99 301.386609   5.725880 34.620
 55     9.558 54138.07714622 22.19 301.394022   5.687858 22.087
 55     9.879 54138.07714686 29.47 301.393292   5.691168 22.087
 55     9.906 54138.07714751 36.04 301.392562   5.694468 22.087
 55     9.847 54138.07714815 39.14 301.391832   5.697778 22.087
 55     9.682 54138.07714880 34.48 301.391102   5.701078 22.087
 55     9.533 54138.07714944 24.29 301.390362   5.704388 22.087
 56    10.248 54173.07715309 46.85 301.394666   5.686905 36.918
 56    10.181 54173.07715374 54.80 301.393936   5.690215 36.918
 56    10.094 54173.07715438 53.80 301.393206   5.693515 36.918
 56    10.199 54173.07715503 49.64 301.392476   5.696825 36.918
 56    10.140 54173.07715567 50.14 301.391736   5.700125 36.918
 56    10.057 54173.07715632 42.11 301.391006   5.703435 36.918
 57    13.274 54208.07715110 55.27 301.393643   5.685170 38.338
 57    13.347 54208.07715175 54.54 301.392913   5.688470 38.338
 57    13.381 54208.07715239 50.93 301.392183   5.691780 38.338
 57    13.362 54208.07715304 48.96 301.391443   5.695080 38.338
 57    13.340 54208.07715368 49.92 301.390713   5.698390 38.338
 57    13.359 54208.07715432 48.88 301.389983   5.701690 38.338
 59    15.594 54278.07719740 53.34 301.394744   5.687987 42.900
 59    15.476 54278.07719804 52.32 301.394014   5.691297 42.900
 59    15.464 54278.07719869 51.39 301.393274   5.694597 42.900
 59    15.452 54278.07719933 52.01 301.392544   5.697907 42.900
 59    15.457 54278.07719998 50.76 301.391814   5.701207 42.900
 59    15.465 54278.07720062 50.33 301.391084   5.704517 42.900
 59    15.363 54278.07720449 53.23 301.386694   5.724347 42.900
 60    14.765 54313.07719803 54.49 301.395432   5.691689 38.200
 60    14.798 54313.07719868 51.94 301.394702   5.694999 38.200
 60    14.781 54313.07719932 52.63 301.393962   5.698299 38.200
 60    14.746 54313.07719997 52.33 301.393232   5.701609 38.200
 60    14.707 54313.07720061 51.21 301.392502   5.704909 38.200
 60    14.702 54313.07720125 50.78 301.391772   5.708219 38.200
 60    14.656 54313.07720383 51.95 301.388852   5.721439 38.200
 60    14.663 54313.07720448 53.17 301.388112   5.724739 38.200
 60    14.652 54313.07720512 52.85 301.387382   5.728049 38.200
 60    14.645 54313.07720577 51.02 301.386657   5.731355 20.690
 60    14.639 54313.07720641 50.44 301.385927   5.734665 20.690
 61    13.346 54348.07716905 51.91 301.395446   5.689845 34.501
 61    13.408 54348.07716969 54.47 301.394716   5.693145 34.501
 61    13.212 54348.07717034 49.06 301.393986   5.696455 34.501
 61    13.198 54348.07717098 51.62 301.393246   5.699755 34.501
 61    13.247 54348.07717162 48.66 301.392516   5.703065 34.501
 61    13.296 54348.07717227 46.30 301.391786   5.706365 34.501
 61    13.317 54348.07717291 40.74 301.391056   5.709675 34.501
 61    13.160 54348.07717485 32.60 301.388866   5.719595 34.501
 61    13.115 54348.07717549 38.53 301.388136   5.722895 34.501
 61    13.161 54348.07717614 45.79 301.387406   5.726205 34.501
 61    13.150 54348.07717678 47.77 301.386676   5.729505 34.501
 61    13.162 54348.07717743 49.98 301.385946   5.732812 13.530
 62    11.191 54383.07713515 48.49 301.394955   5.689638 37.741
 62    11.147 54383.07713580 52.46 301.394225   5.692948 37.741
 62    11.127 54383.07713644 53.02 301.393495   5.696248 37.741
 62    11.122 54383.07713709 52.25 301.392765   5.699558 37.741
 62    11.109 54383.07713773 51.49 301.392025   5.702858 37.741
 62    11.092 54383.07713838 51.33 301.391295   5.706168 37.741
 62    11.038 54383.07714160 50.34 301.387645   5.722698 37.741
 62    11.027 54383.07714225 51.47 301.386905   5.725998 37.741
 63    10.555 54418.07711774 45.24 301.395077   5.687227 42.988
 63    10.412 54418.07711839 52.06 301.394347   5.690537 42.988
 63    10.317 54418.07711903 53.59 301.393617   5.693837 42.988
 63    10.337 54418.07711968 50.23 301.392887   5.697147 42.988
 63    10.371 54418.07712032 49.65 301.392157   5.700447 42.988
 63    10.341 54418.07712097 42.48 301.391417   5.703757 42.988
 63    10.245 54418.07712161 33.65 301.390687   5.707057 42.988
 63    10.172 54418.07712483 50.37 301.387037   5.723587 42.988
 63    10.165 54418.07712548 52.70 301.386307   5.726887 42.988
 64    10.854 54453.07710500 52.75 301.394348   5.688880 35.866
 64    10.830 54453.07710565 54.75 301.393618   5.692190 35.866
 64    10.792 54453.07710629 52.92 301.392888   5.695490 35.866
 64    10.783 54453.07710693 50.86 301.392158   5.698800 35.866
 64    10.884 54453.07710758 49.25 301.391418   5.702100 35.866
 64    10.889 54453.07710822 44.81 301.390688   5.705410 35.866
 64    10.821 54453.07711209 47.68 301.386298   5.725240 35.866
 65    10.616 54488.07711630 24.46 301.396066   5.689492 25.466
 65    10.682 54488.07711695 32.02 301.395336   5.692802 25.466
 65    10.617 54488.07711759 39.91 301.394606   5.696112 25.466
 65    10.687 54488.07711824 32.99 301.393876   5.699412 25.466
 65    10.426 54488.07711888 29.09 301.393146   5.702722 25.466
 65    10.063 54488.07711953 24.42 301.392416   5.706022 25.466
 65    10.368 54488.07712017 20.67 301.391686   5.709332 25.466
 65    10.598 54488.07712210 32.99 301.389486   5.719242 25.466
 65    10.351 54488.07712275 26.05 301.388756   5.722552 25.466
 65    10.237 54488.07712339 25.86 301.388026   5.725852 25.466
 65    10.021 54488.07712404 22.02 301.387296   5.729162 25.466
 65    10.020 54488.07712468 17.29 301.386566   5.732462 25.466
 66    11.667 54523.07711845 49.46 301.395376   5.691297 37.638
 66    12.106 54523.07711909 54.52 301.394646   5.694597 37.638
 66    12.036 54523.07711974 52.48 301.393916   5.697907 37.638
 66    11.981 54523.07712038 53.04 301.393186   5.701207 37.638
 66    12.079 54523.07712103 52.20 301.392456   5.704517 37.638
 66    12.119 54523.07712167 52.08 301.391726   5.707817 37.638
 66    11.924 54523.07712425 53.90 301.388798   5.721042 23.324
 66    11.960 54523.07712490 52.75 301.388068   5.724352 23.324
 66    12.064 54523.07712554 51.87 301.387338   5.727652 23.324
 66    12.069 54523.07712619 50.44 301.386598   5.730962 23.324
 66    12.064 54523.07712683 50.80 301.385868   5.734262 23.324
 67     9.906 54558.07712597 28.85 301.394970   5.688273 29.437
 67     9.837 54558.07712662 30.27 301.394230   5.691573 29.437
 67     9.893 54558.07712726 38.50 301.393500   5.694883 29.437
 67     9.856 54558.07712791 42.59 301.392770   5.698183 29.437
 67     9.578 54558.07712855 34.13 301.392040   5.701493 29.437
 67     9.478 54558.07712920 26.48 301.391310   5.704793 29.437
 67     9.600 54558.07713307 28.01 301.386918   5.724629  9.303
 68    10.584 54593.07711420 25.47 301.394383   5.686412 24.194
 68    10.727 54593.07711485 26.56 301.393653   5.689722 24.194
 68    10.777 54593.07711549 31.84 301.392923   5.693022 24.194
 68    10.819 54593.07711614 32.47 301.392193   5.696332 24.194
 68    10.805 54593.07711678 30.78 301.391463   5.699632 24.194
 68    10.474 54593.07711743 25.56 301.390733   5.702942 24.194
 69    13.130 54628.07712927 53.93 301.394456   5.687593 39.154
 69    13.175 54628.07712991 53.60 301.393726   5.690903 39.154
 69    13.181 54628.07713056 54.22 301.392996   5.694203 39.154
 69    13.109 54628.07713120 48.84 301.392266   5.697513 39.154
 69    13.090 54628.07713185 50.64 301.391536   5.700813 39.154
 69    13.109 54628.07713249 49.32 301.390806   5.704123 39.154
 70    15.161 54663.07713612 52.29 301.393122   5.685600 44.764
 70    15.128 54663.07713676 52.97 301.392382   5.688900 44.764
 70    15.051 54663.07713741 51.22 301.391652   5.692210 44.764
 70    14.970 54663.07713805 52.57 301.390922   5.695510 44.764
 70    14.956 54663.07713869 53.55 301.390192   5.698820 44.764
 71    13.994 54698.07711098 47.96 301.396220   5.689949 32.411
 71    13.981 54698.07711162 53.04 301.395490   5.693249 32.411
 71    13.838 54698.07711227 49.32 301.394760   5.696559 32.411
 71    13.865 54698.07711291 47.37 301.394030   5.699859 32.411
 71    13.900 54698.07711356 47.15 301.393300   5.703169 32.411
 71    13.887 54698.07711420 45.77 301.392570   5.706469 32.411
 71    13.864 54698.07711485 45.89 301.391840   5.709779 32.411
 71    13.830 54698.07711678 48.95 301.389650   5.719689 32.411
 71    13.849 54698.07711742 49.79 301.388920   5.722999 32.411
 71    13.802 54698.07711807 46.46 301.388188   5.726305 17.261
 71    13.794 54698.07711871 46.33 301.387448   5.729615 17.261
 71    13.755 54698.07711936 47.65 301.386718   5.732915 17.261
 72    11.213 54733.07709370 19.79 301.394523   5.686472 21.879
 72    11.554 54733.07709434 18.35 301.393793   5.689782 21.879
 72    11.630 54733.07709498 22.89 301.393063   5.693082 21.879
 72    11.518 54733.07709563 21.51 301.392333   5.696392 21.879
 72    11.495 54733.07709627 19.63 301.391603   5.699692 21.879
 72    11.409 54733.07709692 14.77 301.390873   5.703002 21.879
 73    10.322 54768.07708984 29.72 301.395567   5.688907 26.427
 73    10.318 54768.07709048 35.17 301.394827   5.692207 26.427
 73    10.350 54768.07709112 41.43 301.394097   5.695517 26.427
 73    10.288 54768.07709177 36.89 301.393367   5.698817 26.427
 73    10.140 54768.07709241 28.65 301.392637   5.702127 26.427
 73     9.667 54768.07709306 27.02 301.391907   5.705427 26.427
 73    10.369 54768.07709370 23.19 301.391177   5.708737 26.427
 73    10.099 54768.07709628 26.80 301.388247   5.721957 26.427
 73    10.026 54768.07709693 23.85 301.387522   5.725263  7.096
 73     9.857 54768.07709757 19.82 301.386792   5.728573  7.096
 73     9.401 54768.07709822 20.52 301.386062   5.731873  7.096
 74    10.238 54803.07708657 37.85 301.394096   5.684268 35.378
 74    10.218 54803.07708721 46.48 301.393366   5.687568 35.378
 74    10.214 54803.07708786 52.30 301.392636   5.690878 35.378
 74    10.176 54803.07708850 45.66 301.391906   5.694178 35.378
 74    10.124 54803.07708914 48.41 301.391176   5.697488 35.378
 74    10.056 54803.07708979 50.73 301.390446   5.700788 35.378
 75    12.596 54838.07708369 53.57 301.394654   5.690214 37.796
 75    12.458 54838.07708433 52.02 301.393924   5.693524 37.796
 75    12.599 54838.07708497 49.35 301.393194   5.696824 37.796
 75    12.548 54838.07708562 52.38 301.392464   5.700134 37.796
 75    12.496 54838.07708626 52.97 301.391734   5.703434 37.796
 75    12.440 54838.07708691 50.23 301.391004   5.706744 37.796
 75    12.461 54838.07709013 51.92 301.387348   5.723271 19.354
 75    12.440 54838.07709078 51.88 301.386618   5.726571 19.354
 76    11.664 54873.07708641 29.16 301.394531   5.685800 25.984
 76    11.417 54873.07708706 28.47 301.393801   5.689110 25.984
 76    11.557 54873.07708770 29.89 301.393071   5.692410 25.984
 76    11.591 54873.07708835 30.91 301.392341   5.695720 25.984
 76    11.582 54873.07708899 31.34 301.391611   5.699020 25.984
 76    11.547 54873.07708964 35.01 301.390881   5.702330 25.984
 77    10.846 54908.07708941 19.09 301.394225   5.685623 17.988
 77    11.230 54908.07709006 20.06 301.393485   5.688933 17.988
 77    11.419 54908.07709070 23.25 301.392755   5.692233 17.988
 77    11.396 54908.07709134 22.13 301.392025   5.695543 17.988
 77    11.119 54908.07709199 18.76 301.391295   5.698843 17.988
 77    10.926 54908.07709263 19.29 301.390565   5.702153 17.988
 78    12.067 54943.07707943 52.27 301.393520   5.685933 39.258
 78    12.064 54943.07708008 52.94 301.392790   5.689243 39.258
 78    12.024 54943.07708072 49.18 301.392060   5.692543 39.258
 78    11.948 54943.07708137 49.14 301.391330   5.695853 39.258
 78    11.872 54943.07708201 51.41 301.390600   5.699153 39.258
 79    10.176 54978.07710708 40.72 301.393993   5.685735 31.146
 79     9.995 54978.07710772 28.40 301.393253   5.689045 31.146
 79    10.163 54978.07710837 37.46 301.392523   5.692345 31.146
 79    10.138 54978.07710901 39.26 301.391793   5.695655 31.146
 79    10.128 54978.07710966 44.44 301.391063   5.698955 31.146
 79    10.108 54978.07711030 40.52 301.390333   5.702265 31.146
 80    13.042 55013.07711337 53.32 301.394550   5.687067 38.021
 80    13.028 55013.07711401 55.49 301.393820   5.690367 38.021
 80    13.072 55013.07711466 51.95 301.393090   5.693677 38.021
 80    13.050 55013.07711530 50.13 301.392360   5.696977 38.021
 80    13.004 55013.07711595 49.29 301.391630   5.700287 38.021
 80    12.995 55013.07711659 51.39 301.390900   5.703587 38.021
 81    12.218 55048.07710662 54.29 301.394937   5.689540 37.790
 81    12.207 55048.07710727 53.12 301.394207   5.692850 37.790
 81    12.076 55048.07710791 54.14 301.393477   5.696150 37.790
 81    12.035 55048.07710855 53.12 301.392747   5.699460 37.790
 81    12.050 55048.07710920 53.08 301.392017   5.702760 37.790
 81    12.107 55048.07710984 52.18 301.391287   5.706070 37.790
 81    12.007 55048.07711307 52.40 301.387631   5.722595 16.946
 81    12.015 55048.07711371 51.54 301.386901   5.725905 16.946
 82    10.054 55083.07707704 53.62 301.395263   5.689065 42.328
 82    10.080 55083.07707769 56.25 301.394533   5.692365 42.328
 82    10.068 55083.07707833 53.47 301.393803   5.695675 42.328
 82    10.026 55083.07707898 52.42 301.393073   5.698975 42.328
 82    10.014 55083.07707962 53.50 301.392343   5.702285 42.328
 82    10.005 55083.07708027 53.00 301.391613   5.705585 42.328
 82    10.027 55083.07708091 47.10 301.390883   5.708895 42.328
 82    10.062 55083.07708349 52.36 301.387963   5.722115 42.328
 82    10.063 55083.07708413 49.16 301.387233   5.725423 12.994
 83     9.586 55118.07703820 38.62 301.395276   5.689475 31.096
 83     9.615 55118.07703884 45.37 301.394546   5.692785 31.096
 83     9.546 55118.07703949 48.87 301.393816   5.696085 31.096
 83     9.555 55118.07704013 48.65 301.393086   5.699395 31.096
 83     9.523 55118.07704078 41.46 301.392356   5.702695 31.096
 83     9.451 55118.07704142 51.18 301.391626   5.706005 31.096
 83     9.418 55118.07704207 46.25 301.390896   5.709305 31.096
 83     9.470 55118.07704400 41.75 301.388696   5.719225 31.096
 83     9.393 55118.07704465 45.23 301.387967   5.722531 20.516
 83     9.390 55118.07704529 43.61 301.387237   5.725841 20.516
 83     9.388 55118.07704593 48.31 301.386507   5.729141 20.516
 83     9.385 55118.07704658 49.28 301.385767   5.732451 20.516
 84     9.752 55153.07703428 40.61 301.394659   5.685810 34.242
 84     9.513 55153.07703492 46.52 301.393929   5.689120 34.242
 84     9.467 55153.07703557 52.66 301.393199   5.692420 34.242
 84     9.521 55153.07703621 45.22 301.392459   5.695730 34.242
 84     9.516 55153.07703686 49.53 301.391729   5.699030 34.242
 84     9.520 55153.07703750 51.45 301.390999   5.702340 34.242
 84     9.309 55153.07704202 43.12 301.385885   5.725476 12.795
 85    10.341 55188.07702585 55.19 301.393858   5.686549 38.724
 85    10.360 55188.07702650 54.60 301.393118   5.689859 38.724
 85    10.452 55188.07702714 51.12 301.392388   5.693159 38.724
 85    10.491 55188.07702779 50.74 301.391658   5.696469 38.724
 85    10.445 55188.07702843 49.68 301.390928   5.699769 38.724
 85    10.396 55188.07702908 45.37 301.390198   5.703079 38.724
 86     9.970 55223.07703379 52.50 301.394702   5.686936 34.274
 86     9.912 55223.07703443 55.33 301.393972   5.690236 34.274
 86     9.911 55223.07703508 51.57 301.393232   5.693546 34.274
 86     9.919 55223.07703572 50.11 301.392502   5.696846 34.274
 86     9.974 55223.07703637 50.77 301.391772   5.700156 34.274
 86    10.030 55223.07703701 52.19 301.391042   5.703456 34.274
 87    10.026 55258.07702157 46.32 301.395533   5.687996 30.187
 87    10.031 55258.07702221 52.56 301.394803   5.691306 30.187
 87     9.890 55258.07702286 52.43 301.394073   5.694606 30.187
 87     9.866 55258.07702350 46.87 301.393343   5.697916 30.187
 87     9.801 55258.07702415 37.70 301.392613   5.701216 30.187
 87     9.558 55258.07702479 33.99 301.391883   5.704526 30.187
 87     9.437 55258.07702544 37.26 301.391153   5.707826 30.187
 87     9.942 55258.07702802 43.82 301.388226   5.721051 13.103
 87     9.608 55258.07702866 36.20 301.387496   5.724351 13.103
 87     9.398 55258.07702930 32.92 301.386756   5.727661 13.103
 88     9.984 55293.07702120 46.27 301.395199   5.686642 37.147
 88     9.906 55293.07702185 54.72 301.394469   5.689952 37.147
 88     9.964 55293.07702249 54.90 301.393739   5.693252 37.147
 88     9.773 55293.07702314 50.03 301.392999   5.696562 37.147
 88     9.788 55293.07702378 51.64 301.392269   5.699862 37.147
 88     9.839 55293.07702442 52.70 301.391539   5.703172 37.147
 88     9.893 55293.07702507 47.55 301.390809   5.706472 37.147
 88     9.756 55293.07702829 51.79 301.387159   5.723002 37.147
 88     9.768 55293.07702894 52.15 301.386428   5.726307 16.956
 89    13.304 55328.07700541 51.19 301.393037   5.685303 33.129
 89    13.320 55328.07700606 52.03 301.392307   5.688603 33.129
 89    13.353 55328.07700670 50.55 301.391577   5.691913 33.129
 89    13.383 55328.07700735 48.52 301.390847   5.695213 33.129
 89    13.397 55328.07700799 50.17 301.390117   5.698523 33.129
 90    15.278 55363.07700068 45.13 301.395200   5.686963 37.850
 90    15.295 55363.07700133 49.63 301.394470   5.690263 37.850
 90    15.257 55363.07700197 50.56 301.393740   5.693573 37.850
 90    15.264 55363.07700262 51.38 301.393010   5.696873 37.850
 90    15.179 55363.07700326 50.36 301.392280   5.700183 37.850
 90    15.185 55363.07700391 50.95 301.391550   5.703483 37.850
 90    15.175 55363.07700455 49.69 301.390820   5.706793 37.850
 90    14.984 55363.07700778 54.25 301.387167   5.723320 27.886
 90    14.979 55363.07700842 52.21 301.386437   5.726620 27.886
 91    15.331 55398.07700941 53.91 301.394055   5.687714 38.871
 91    15.210 55398.07701006 51.16 301.393325   5.691024 38.871
 91    15.236 55398.07701070 51.57 301.392595   5.694324 38.871
 91    15.254 55398.07701135 50.18 301.391865   5.697634 38.871
 91    15.247 55398.07701199 51.64 301.391135   5.700934 38.871
 91    15.231 55398.07701264 49.33 301.390405   5.704244 38.871
 92    15.281 55433.07701712 46.27 301.396064   5.690239 36.624
 92    15.279 55433.07701777 48.11 301.395334   5.693549 36.624
 92    15.277 55433.07701841 46.35 301.394604   5.696849 36.624
 92    15.311 55433.07701906 49.49 301.393874   5.700159 36.624
 92    15.319 55433.07701970 47.61 301.393144   5.703459 36.624
 92    15.298 55433.07702035 48.87 301.392414   5.706769 36.624
 92    15.266 55433.07702099 48.50 301.391684   5.710069 36.624
 92    15.246 55433.07702293 51.73 301.389484   5.719989 36.624
 92    15.247 55433.07702357 49.74 301.388758   5.723295 29.456
 92    15.239 55433.07702422 50.33 301.388028   5.726595 29.456
 92    15.199 55433.07702486 49.81 301.387298   5.729905 29.456
 92    15.202 55433.07702551 50.83 301.386558   5.733215 29.456
 93    12.133 55468.07697463 49.33 301.396119   5.690491 35.958
 93    12.033 55468.07697527 54.65 301.395389   5.693791 35.958
 93    11.980 55468.07697591 51.55 301.394659   5.697101 35.958
 93    11.975 55468.07697656 51.40 301.393929   5.700401 35.958
 93    11.926 55468.07697720 48.64 301.393199   5.703711 35.958
 93    11.955 55468.07697785 48.10 301.392469   5.707011 35.958
 93    12.060 55468.07697849 46.40 301.391739   5.710321 35.958
 93    11.947 55468.07698043 50.13 301.389549   5.720241 35.958
 93    11.910 55468.07698107 49.07 301.388819   5.723541 35.958
 93    11.858 55468.07698172 46.90 301.388080   5.726849 19.279
 93    11.948 55468.07698236 47.63 301.387350   5.730149 19.279
 93    12.042 55468.07698301 50.18 301.386620   5.733459 19.279
