-307335.335   235.630     0.00   13.95
-306959.316   234.114    -4.03   14.49
-306583.295   238.525    11.73   14.23
-306207.272   246.114    20.18   14.02
-305831.248   248.360     5.97   14.46
-305455.223   255.181    18.14   13.69
-305079.195   256.023     2.24   13.41
-304703.167   262.660    17.65   17.17
-304327.137   276.012    35.50   27.82
-303951.105   280.822    12.79   27.39
-303575.072   283.059     5.95   33.03
-303199.038   282.822    -0.63   39.89
-302823.001   272.993   -26.14   42.35
-302446.964   259.993   -34.57   33.94
-302070.925   248.411   -30.80   14.25
-301694.884   250.390     5.26   19.03
-301318.842   259.284    23.65   26.84
-300942.798   277.546    48.56   34.86
-300566.753   293.920    43.54   38.06
-300190.706   298.120    11.17   37.14
-299814.658   301.448     8.85   43.96
-299438.608   294.519   -18.42   50.03
-299062.557   282.104   -33.01   45.46
-298686.504   283.909     4.80   44.74
-298310.450   284.129     0.59   36.30
-297934.394   292.012    20.96   38.74
-297558.336   295.476     9.21   38.14
-297182.277   297.386     5.08   34.32
-296806.217   291.756   -14.97   32.30
-296430.155   282.591   -24.37   28.33
-296054.091   292.694    26.86   57.58
-295678.026   298.859    16.39   66.88
-295301.959   310.579    31.16   66.46
-294925.891   305.206   -14.29   58.74
-294549.821   304.206    -2.66   53.79
-294173.750   287.392   -44.71   51.30
-293797.677   268.822   -49.38   48.14
-293421.602   253.849   -39.81   34.51
-293045.526   244.336   -25.30   17.31
-292669.449   243.540    -2.12   15.58
-292293.369   247.226     9.80   14.71
-291917.289   249.134     5.07   14.26
-291541.206   245.072   -10.80   13.59
-291165.123   241.087   -10.60   12.43
-290789.037   238.950    -5.68   10.59
-290412.950   236.098    -7.58   11.41
-290036.862   234.835    -3.36   11.30
-289660.771   234.362    -1.26   11.56
-289284.680   235.411     2.79   12.88
-288908.586   238.417     7.99   12.02
-288532.492   238.078    -0.90   11.25
-288156.395   237.284    -2.11   11.80
-287780.297   235.142    -5.69   11.01
-287404.198   234.714    -1.14   10.11
-287028.096   236.228     4.02   11.36
-286651.994   237.660     3.81   11.72
-286275.889   241.093     9.13   12.21
-285899.783   248.166    18.81   13.08
-285523.676   264.209    42.65   32.51
-285147.567   279.677    41.13   36.55
-284771.456   290.471    28.70   34.02
-284395.344   306.540    42.72   41.14
-284019.230   303.809    -7.26   40.51
-283643.114   285.001   -50.00   48.96
-283266.997   262.363   -60.19   44.79
-282890.878   243.258   -50.79   37.92
-282514.758   227.781   -41.15   29.60
-282138.636   219.206   -22.80   19.43
-281762.513   220.488     3.41   16.55
-281386.388   217.028    -9.20   17.03
-281010.261   217.598     1.52   15.72
-280634.132   215.552    -5.44   19.48
-280258.002   208.525   -18.68   22.32
-279881.871   201.579   -18.47   25.86
-279505.738   192.364   -24.50   25.55
-279129.603   177.572   -39.33   24.59
-278753.466   165.335   -32.53   19.19
-278377.328   161.730    -9.58   19.20
-278001.189   160.440    -3.43   18.27
-277625.047   164.206    10.01   21.27
-277248.904   163.847    -0.95   23.38
-276872.760   161.228    -6.96   27.01
-276496.614   149.719   -30.60   27.58
-276120.466   144.985   -12.59   29.86
-275744.316   168.151    61.59   62.35
-275368.165   196.440    75.21   72.48
-274992.012   241.434   119.61   58.42
-274615.858   247.796    16.91   45.00
-274239.702   236.835   -29.14   44.20
-273863.544   222.309   -38.62   50.08
-273487.385   191.309   -82.41   53.52
-273111.224   177.114   -37.73   45.55
-272735.061   178.335     3.25   45.65
-272358.897   183.072    12.59   48.61
-271982.731   179.714    -8.93   44.61
-271606.563   175.796   -10.42   39.82
-271230.394   160.360   -41.03   29.96
-270854.223   143.847   -43.90   17.31
-270478.051   135.471   -22.27   22.33
-270101.876   129.591   -15.63   16.74
-269725.701   122.958   -17.63   13.45
-269349.523   118.228   -12.57   11.64
-268973.344   116.390    -4.89   10.87
-268597.163   109.824   -17.45    5.73
-268220.980   107.488    -6.21    6.11
-267844.796   101.950   -14.72    7.74
-267468.610    99.059    -7.68    8.16
-267092.423    96.204    -7.59    6.22
-266716.233    98.781     6.85    8.81
-266340.043   102.967    11.13    8.77
-265963.850   108.617    15.02    8.31
-265587.656   112.363     9.96    8.59
-265211.460   115.177     7.48    7.93
-264835.262   117.283     5.60    7.75
-264459.063   116.181    -2.93    8.05
-264082.862   115.012    -3.11    8.60
-263706.659   115.950     2.49    8.92
-263330.455   120.642    12.47   10.24
-262954.249   122.498     4.93    8.61
-262578.041   123.066     1.51    8.38
-262201.831   125.849     7.40    9.36
-261825.620   125.411    -1.16    8.97
-261449.407   126.258     2.25    7.97
-261073.193   125.080    -3.13    8.53
-260696.976   123.463    -4.30    7.33
-260320.758   123.476     0.03    7.38
-259944.539   124.948     3.91    8.12
-259568.317   126.388     3.83    8.10
-259192.094   127.414     2.73    8.95
-258815.869   128.256     2.24    9.84
-258439.643   126.888    -3.64    9.40
-258063.414   123.059   -10.18    9.21
-257687.184   122.147    -2.42    8.84
-257310.953   118.134   -10.67    9.06
-256934.719   117.540    -1.58   10.17
-256558.484   118.253     1.90   10.05
-256182.247   121.552     8.77   10.68
-255806.009   127.093    14.73   13.14
-255429.768   131.177    10.86   15.94
-255053.526   136.129    13.16   15.37
-254677.283   138.687     6.80   14.53
-254301.037   136.334    -6.25   15.63
-253924.790   130.783   -14.75   13.66
-253548.541   126.931   -10.24   10.48
-253172.290   127.019     0.24   10.14
-252796.038   125.796    -3.25    7.82
-252419.784   123.309    -6.61    7.68
-252043.528   121.031    -6.05    7.62
-251667.270   120.283    -1.99    7.36
-251291.010   120.390     0.28    7.74
-250914.749   121.719     3.53    9.63
-250538.486   125.258     9.40   11.01
-250162.222   129.995    12.59   10.97
-249785.955   132.174     5.79   11.18
-249409.687   127.876   -11.42   11.82
-249033.417   124.201    -9.77    9.00
-248657.145   121.360    -7.55    8.45
-248280.872   118.948    -6.41    7.70
-247904.597   124.528    14.83   12.59
-247528.320   129.873    14.20   14.09
-247152.041   131.985     5.61   13.60
-246775.761   131.019    -2.56   16.34
-246399.478   124.809   -16.50   18.01
-246023.194   115.104   -25.79   16.66
-245646.908   108.012   -18.85   12.71
-245270.621   102.488   -14.68    9.72
-244894.331    98.114   -11.62    7.59
-244518.040    94.591    -9.36    7.71
-244141.747    90.488   -10.90    5.27
-243765.453    88.684    -4.80    4.21
-243389.156    89.066     1.01    4.30
-243012.858    88.552    -1.36    4.46
-242636.558    88.876     0.86    4.40
-242260.256    88.783    -0.25    4.57
-241883.952    88.228    -1.47    4.04
-241507.647    88.745     1.37    4.83
-241131.439    90.155     3.75    6.23
-240755.486    93.467     8.81    8.11
-240379.532    97.151     9.80    7.92
-240003.576   101.924    12.70    7.61
-239627.618   104.770     7.57    8.67
-239251.658   108.985    11.21   10.88
-238875.696   110.104     2.98   10.60
-238499.733   111.174     2.85   11.31
-238123.768   113.677     6.66   10.68
-237747.801   114.796     2.98   10.52
-237371.832   118.121     8.84    9.21
-236995.862   116.565    -4.14    8.02
-236619.890   120.940    11.64    8.74
-236243.915   121.985     2.78   10.01
-235867.939   120.924    -2.82   10.77
-235491.962   121.309     1.02   12.22
-235115.982   119.694    -4.30   11.98
-234740.001   116.873    -7.50   12.39
-234364.018   113.633    -8.62   12.23
-233988.032   110.440    -8.49   14.06
-233612.046   106.770    -9.76   14.11
-233236.057   102.745   -10.71   11.23
-232860.066    99.201    -9.43    8.46
-232484.074    95.309   -10.35    4.71
-232108.080    94.174    -3.02    4.97
-231732.084    93.012    -3.09    3.84
-231356.086    93.309     0.79    4.75
-230980.086    93.340     0.08    4.99
-230604.085    94.565     3.26    4.94
-230228.082    95.232     1.77    4.58
-229852.076    95.420     0.50    4.39
-229476.069    95.719     0.80    4.47
-229100.060    95.476    -0.65    3.57
-228724.050    95.258    -0.58    3.55
-228348.037    95.546     0.77    4.06
-227972.023    96.660     2.96    5.39
-227596.006    99.687     8.05    8.40
-227219.988   110.488    28.72   19.15
-226843.968   125.114    38.89   23.97
-226467.947   141.309    43.07   19.37
-226091.923   149.770    22.50   10.62
-225715.897   154.444    12.43    6.15
-225339.870   155.525     2.87    5.54
-224963.841   158.282     7.33    4.86
-224587.810   160.737     6.53    4.27
-224211.777   163.745     8.00    6.06
-223835.742   166.796     8.11    7.85
-223459.705   168.931     5.68    8.57
-223083.666   170.386     3.87   10.12
-222707.626   170.809     1.13    9.88
-222331.584   170.414    -1.05    8.44
-221955.539   169.642    -2.05    6.61
-221579.493   168.052    -4.23    6.23
-221203.445   163.417   -12.33    7.96
-220827.395   161.940    -3.93   11.99
-220451.344   159.134    -7.46   13.69
-220075.290   152.336   -18.08   12.37
-219699.235   149.668    -7.09   10.49
-219323.177   146.120    -9.43    8.48
-218947.118   143.390    -7.26    7.04
-218571.057   142.579    -2.16    5.64
-218194.994   141.652    -2.47    4.65
-217818.929   141.078    -1.53    3.61
-217442.862   139.959    -2.98    4.00
-217066.793   139.531    -1.14    4.02
-216690.722   139.309    -0.59    4.87
-216314.650   137.309    -5.32    6.82
-215938.575   128.770   -22.70   15.49
-215562.499   116.822   -31.77   17.86
-215186.421   108.258   -22.77   16.21
-214810.341    98.114   -26.97    6.61
-214434.258    93.467   -12.36    6.21
-214058.174    93.181    -0.76    6.70
-213682.089    92.566    -1.63    6.93
-213306.001    95.283     7.22    9.01
-212929.911   100.230    13.15    9.12
-212553.819   102.849     6.96    8.69
-212177.726   106.985    10.99    4.88
-211801.630   107.309     0.86    3.42
-211425.533   108.155     2.25    3.68
-211049.433   108.209     0.14    3.64
-210673.332   107.687    -1.39    3.95
-210297.229   107.283    -1.07    4.00
-209921.124   106.362    -2.45    3.16
-209545.017   104.440    -5.11    4.77
-209168.908   103.660    -2.07    5.54
-208792.797   104.534     2.32    5.86
-208416.684   105.230     1.85    6.48
-208040.569   106.985     4.66    4.28
-207664.452   107.783     2.12    4.17
-207288.334   107.392    -1.04    3.85
-206912.213   106.386    -2.68    3.43
-206536.090   105.540    -2.25    3.78
-206159.966   105.448    -0.24    4.36
-205783.839   105.498     0.13    4.88
-205407.711   105.228    -0.72    4.90
-205031.580   106.230     2.66    5.20
-204655.448   107.709     3.93    5.59
-204279.314   107.255    -1.21    7.09
-203903.178   106.756    -1.33    7.39
-203527.039   104.019    -7.28    7.30
-203150.899   103.809    -0.56    6.55
-202774.757   105.931     5.64    6.40
-202398.613   106.834     2.40    4.97
-202022.467   108.467     4.34    4.76
-201646.319   108.614     0.39    4.33
-201270.169   107.228    -3.69    6.84
-200894.017   107.587     0.95    6.76
-200517.863   106.745    -2.24    6.34
-200141.707   106.514    -0.61    4.61
-199765.549   105.927    -1.56    3.52
-199389.389   104.498    -3.80    3.17
-199013.227   103.849    -1.72    2.92
-198637.063   103.660    -0.50    2.75
-198260.897   103.386    -0.73    3.34
-197884.730   104.012     1.66    3.28
-197508.560   104.206     0.52    3.30
-197132.388   102.899    -3.48    3.76
-196756.214   101.514    -3.68    4.05
-196380.038   100.606    -2.41    3.39
-196003.861    99.859    -1.99    3.04
-195627.681   100.177     0.85    3.35
-195251.499    99.864    -0.83    3.52
-194875.315   100.417     1.47    3.67
-194499.130   100.476     0.16    3.71
-194122.942   100.444    -0.08    3.97
-193746.752   100.463     0.05    3.86
-193370.560    99.809    -1.74    4.10
-192994.366    99.230    -1.54    4.09
-192618.171    97.519    -4.55    5.25
-192241.973    95.670    -4.92    5.75
-191865.773    94.565    -2.94    5.78
-191489.571    93.714    -2.26    5.14
-191113.367    93.514    -0.53    5.48
-190737.161    92.822    -1.84    6.77
-190360.954    91.360    -3.88    7.80
-189984.744    88.958    -6.39    9.63
-189608.532    88.822    -0.36   10.37
-189232.318    88.078    -1.98   10.56
-188856.102    88.281     0.54   10.58
-188479.884    90.498     5.89   10.53
-188103.664    90.985     1.29   11.11
-187727.442    92.903     5.10    9.75
-187351.218    94.390     3.95    6.58
-186974.991    94.909     1.38    4.05
-186598.763    95.509     1.59    3.71
-186222.533    95.177    -0.88    5.32
-185846.301    95.253     0.20    4.00
-185470.066    94.565    -1.83    4.37
-185093.830    93.046    -4.04    5.03
-184717.592    93.598     1.47    4.44
-184341.351    93.467    -0.35    4.95
-183965.109    95.924     6.53    7.30
-183588.864    98.660     7.27    7.48
-183212.618    99.414     2.00    7.69
-182836.369   100.134     1.91    7.44
-182460.118    99.252    -2.34    8.39
-182083.866    98.390    -2.29    9.97
-181707.611    98.768     1.01    9.67
-181331.354    99.768     2.66    8.46
-180955.095   100.822     2.80    8.29
-180578.834    99.948    -2.32    6.98
-180202.571    98.059    -5.02    6.34
-179826.306    97.001    -2.81    5.01
-179450.038    98.336     3.55    4.51
-179073.769    99.694     3.61    4.06
-178697.498    99.467    -0.60    3.38
-178321.224    99.756     0.77    3.70
-177944.949    99.756     0.00    3.70
-177568.671   100.463     1.88    4.83
-177192.392   100.892     1.14    5.28
-176816.110   102.362     3.90    5.57
-176439.826   103.847     3.95    6.36
-176063.540   107.537     9.81    5.87
-175687.252   109.206     4.43    5.23
-175310.962   110.876     4.44    4.27
-174934.670   110.444    -1.15    4.66
-174558.376   109.958    -1.29    5.58
-174182.079   108.920    -2.76    5.80
-173805.781   106.719    -5.85    6.44
-173429.480   104.784    -5.14    6.87
-173053.178   102.795    -5.28    5.94
-172676.873   100.884    -5.08    5.17
-172300.566   100.704    -0.48    5.24
-171924.257   100.745     0.11    5.22
-171547.946   100.940     0.52    4.72
-171171.633   100.591    -0.93    3.76
-170795.317    99.114    -3.92    4.03
-170419.000    98.039    -2.86    3.82
-170042.681    96.967    -2.85    3.70
-169666.359    96.166    -2.13    3.40
-169290.035    94.976    -3.16    3.37
-168913.709    93.386    -4.22    2.86
-168537.381    92.420    -2.57    2.88
-168161.051    91.768    -1.73    3.26
-167784.719    91.174    -1.58    4.71
-167408.385    90.440    -1.95    6.47
-167032.048    87.684    -7.32    8.30
-166655.710    86.012    -4.44    9.26
-166279.369    84.668    -3.57    8.14
-165903.274    84.019    -1.72    7.62
-165527.352    85.019     2.66    7.92
-165151.428    86.606     4.22    7.62
-164775.501    87.659     2.80    6.53
-164399.573    89.362     4.53    4.60
-164023.642    87.849    -4.02    3.79
-163647.709    87.066    -2.08    4.63
-163271.774    85.198    -4.97    6.76
-162895.837    83.745    -3.86    6.79
-162519.898    80.976    -7.37    7.19
-162143.956    80.423    -1.47    7.44
-161768.013    80.228    -0.52    7.39
-161392.067    79.741    -1.29    7.57
-161016.119    80.888     3.05    7.33
-160640.169    80.934     0.12    6.62
-160264.217    80.498    -1.16    6.71
-159888.263    80.072    -1.13    7.88
-159512.306    80.835     2.03    9.06
-159136.348    81.206     0.99   10.24
-158760.387    82.444     3.29   11.03
-158384.424    81.959    -1.29   11.84
-158008.459    83.125     3.10   10.79
-157632.491    84.003     2.34    9.05
-157256.522    84.552     1.46    6.80
-156880.550    83.864    -1.83    9.25
-156504.577    86.052     5.82    8.67
-156128.601    83.565    -6.62   10.98
-155752.623    82.337    -3.27   11.17
-155376.642    81.335    -2.67   10.82
-155000.660    80.849    -1.29   11.33
-154624.675    86.444    14.88   11.47
-154248.688    90.463    10.69   11.87
-153872.699    92.795     6.20   10.20
-153496.708    91.668    -3.00    9.10
-153120.715    89.546    -5.64    8.72
-152744.719    91.104     4.14    8.14
-152368.722    92.309     3.21    8.42
-151992.722    94.821     6.68    8.36
-151616.719    98.976    11.05    5.61
-151240.715   102.087     8.27    5.54
-150864.709   102.174     0.23    4.95
-150488.700    99.714    -6.54    6.60
-150112.689    99.255    -1.22    5.89
-149736.676    99.488     0.62    4.97
-149360.661   101.109     4.31    5.68
-148984.643   104.052     7.83    3.35
-148608.623   101.835    -5.90    6.84
-148232.601   101.503    -0.88    6.19
-147856.577   101.540     0.10    6.22
-147480.551   103.177     4.36    6.69
-147104.522   104.899     4.58    5.35
-146728.491   103.283    -4.30    6.78
-146352.458   101.258    -5.38    7.16
-145976.423   101.012    -0.65    6.38
-145600.386   100.459    -1.47    5.67
-145224.346   100.976     1.37    4.60
-144848.304    99.476    -3.99    4.48
-144472.260    98.363    -2.96    3.96
-144096.214    98.363     0.00    4.11
-143720.165    99.606     3.31    4.08
-143344.115   100.976     3.64    4.65
-142968.062   101.309     0.89    5.75
-142592.006   101.540     0.61    5.88
-142215.949   101.283    -0.68    6.53
-141839.889   100.201    -2.88    6.95
-141463.827   101.052     2.26    7.93
-141087.763   101.440     1.03    8.21
-140711.696   101.914     1.26    8.31
-140335.628   103.174     3.35    7.42
-139959.557   103.591     1.11    5.66
-139583.484   103.174    -1.11    6.97
-139207.408   103.027    -0.39   11.98
-138831.331    99.359    -9.75   12.49
-138455.251    93.937   -14.42   11.01
-138079.168    88.606   -14.18    6.37
-137703.084    87.039    -4.17    4.06
-137326.997    86.417    -1.65    4.27
-136950.908    86.498     0.22    4.79
-136574.817    86.976     1.27    5.47
-136198.724    85.784    -3.17    5.39
-135822.628    85.694    -0.24    4.65
-135446.530    85.958     0.70    4.78
-135070.430    88.822     7.62    4.63
-134694.327    91.362     6.75    3.46
-134318.222    91.386     0.06    3.59
-133942.115    92.309     2.45    3.73
-133566.006    92.155    -0.41    4.28
-133189.894    94.642     6.61    5.37
-132813.780    99.924    14.04    8.80
-132437.664   104.078    11.04    8.99
-132061.546   106.927     7.57    8.73
-131685.425   107.471     1.45    8.42
-131309.302   113.985    17.32   23.79
-130933.176   134.066    53.39   46.85
-130557.049   180.525   123.52   67.71
-130180.919   216.531    95.73   53.36
-129804.787   228.617    32.13   37.52
-129428.652   233.796    13.77   36.06
-129052.515   240.625    18.15   44.05
-128676.376   254.151    35.96   41.15
-128300.235   254.488     0.90   37.69
-127924.091   222.155   -85.96   45.85
-127547.945   186.012   -96.09   38.46
-127171.797   161.078   -66.28   30.09
-126795.646   140.503   -54.70   13.14
-126419.494   133.694   -18.10    7.07
-126043.338   128.976   -12.54    7.80
-125667.181   125.653    -8.83    8.21
-125291.021   123.258    -6.37    7.75
-124914.859   121.336    -5.11    6.48
-124538.694   122.444     2.95    7.74
-124162.528   125.633     8.48    7.32
-123786.358   130.253    12.28   10.56
-123410.187   154.098    63.39   45.35
-123034.013   202.950   129.86   81.15
-122657.837   254.336   136.60   82.63
-122281.659   300.976   123.98   52.18
-121905.478   319.078    48.12   14.46
-121529.295   311.335   -20.58   16.08
-121153.110   299.471   -31.54   15.25
-120776.922   289.078   -27.63   12.91
-120400.732   278.228   -28.84   12.29
-120024.539   269.151   -24.13   10.18
-119648.345   261.835   -19.45    8.53
-119272.148   256.715   -13.61    5.49
-118895.948   253.514    -8.51    5.86
-118519.746   252.651    -2.29    6.70
-118143.542   254.201     4.12    9.52
-117767.336   260.591    16.99   17.66
-117391.127   275.448    39.49   26.10
-117014.916   291.019    41.39   21.09
-116638.702   294.411     9.02   17.27
-116262.487   291.525    -7.67   19.01
-115886.268   293.155     4.33   18.38
-115510.048   299.258    16.22   19.63
-115133.825   302.796     9.41   17.27
-114757.600   303.336     1.43   21.13
-114381.372   289.059   -37.95   29.48
-114005.142   268.228   -55.37   39.31
-113628.909   234.066   -90.80   59.34
-113252.675   199.633   -91.52   69.75
-112876.438   157.945  -110.80   56.92
-112500.198   145.386   -33.38   46.17
-112123.956   153.770    22.28   56.27
-111747.712   157.198     9.11   55.70
-111371.465   145.899   -30.03   47.43
-110995.216   130.226   -41.66   35.65
-110618.965   111.256   -50.42   10.44
-110242.711   105.386   -15.60    6.89
-109866.455   100.768   -12.27    7.37
-109490.197    96.388   -11.64    7.43
-109113.936    91.493   -13.01    5.60
-108737.672    87.617   -10.30    5.47
-108361.407    85.985    -4.34    4.84
-107985.139    83.847    -5.68    5.25
-107608.868    80.796    -8.11    6.58
-107232.595    77.417    -8.98    6.75
-106856.320    74.687    -7.25    5.92
-106480.042    74.012    -1.80    4.67
-106103.762    74.873     2.29    3.81
-105727.480    74.360    -1.36    5.36
-105351.195    73.726    -1.69    6.31
-104974.908    72.204    -4.04    6.52
-104598.618    71.471    -1.95    7.43
-104222.326    74.198     7.25    8.51
-103846.031    79.155    13.17   10.61
-103469.734    81.931     7.38    8.78
-103093.435    82.440     1.36    7.70
-102717.133    81.940    -1.33    7.51
-102340.829    80.634    -3.47    5.35
-101964.522    82.768     5.67    5.93
-101588.213    86.359     9.54    6.83
-101211.902    89.283     7.77    6.06
-100835.588    90.958     4.45    5.64
-100459.272    92.876     5.10    6.08
-100082.953    94.201     3.52    8.47
 -99706.632    93.993    -0.55    9.23
 -99330.308    92.283    -4.54    9.77
 -98953.982    88.587    -9.82    8.93
 -98577.654    86.360    -5.92    7.66
 -98201.323    85.388    -2.58    7.47
 -97824.990    85.031    -0.95    7.45
 -97448.654    85.488     1.22    7.09
 -97072.316    85.463    -0.07    7.54
 -96695.975    86.694     3.27    7.45
 -96319.632    87.876     3.14    6.14
 -95943.286    89.591     4.56    4.05
 -95566.938    90.822     3.27    4.50
 -95190.588    90.565    -0.68    5.19
 -94814.235    88.834    -4.60    6.02
 -94437.880    87.420    -3.76    6.15
 -94061.522    83.660    -9.99    8.16
 -93685.162    79.228   -11.78    9.66
 -93308.799    77.795    -3.81   10.14
 -92932.434    75.440    -6.26   10.09
 -92556.066    73.476    -5.22    9.14
 -92179.696    74.284     2.15    8.95
 -91803.323    74.888     1.60   10.38
 -91426.948    75.201     0.83   10.62
 -91050.571    75.642     1.17   10.84
 -90674.634    73.309    -6.21   10.66
 -90298.749    71.704    -4.27    9.43
 -89922.861    70.704    -2.66    9.67
 -89546.970    71.950     3.32    8.31
 -89171.077    70.931    -2.71    8.57
 -88795.181    70.770    -0.43    8.94
 -88419.283    71.559     2.10    8.61
 -88043.383    71.652     0.25    8.32
 -87667.480    73.876     5.92    7.05
 -87291.574    76.876     7.98    4.04
 -86915.666    76.768    -0.29    5.04
 -86539.756    77.552     2.08    5.45
 -86163.843    75.837    -4.56    7.91
 -85787.928    74.509    -3.53    7.77
 -85412.010    74.514     0.01    7.64
 -85036.089    74.687     0.46    6.75
 -84660.167    77.437     7.31    4.40
 -84284.241    78.809     3.65    4.26
 -83908.313    79.309     1.33    4.15
 -83532.383    80.849     4.10    3.38
 -83156.450    81.309     1.22    3.12
 -82780.515    80.559    -1.99    3.92
 -82404.577    79.796    -2.03    4.00
 -82028.637    78.052    -4.64    4.53
 -81652.694    76.612    -3.83    4.90
 -81276.748    75.336    -3.39    7.07
 -80900.801    70.282   -13.44    9.49
 -80524.850    66.730    -9.45    8.46
 -80148.897    66.940     0.56   10.13
 -79772.942    71.958    13.34   12.04
 -79396.984    78.634    17.76   11.56
 -79021.023    84.104    14.55    6.59
 -78645.060    85.546     3.84    5.59
 -78269.095    84.440    -2.94    5.58
 -77893.127    83.617    -2.19    5.53
 -77517.156    80.463    -8.39    6.22
 -77141.183    77.579    -7.67    5.66
 -76765.208    73.309   -11.36    6.51
 -76389.229    69.948    -8.94    7.54
 -76013.249    70.309     0.96    8.89
 -75637.266    75.052    12.62   15.52
 -75261.280    89.496    38.42   17.01
 -74885.291   106.437    45.06   19.93
 -74509.301   128.633    59.03   27.69
 -74133.307   159.363    81.73   52.07
 -73757.311   204.001   118.72   65.00
 -73381.313   242.498   102.38   57.15
 -73005.312   271.258    76.49   30.00
 -72629.308   266.309   -13.16   32.77
 -72253.302   235.519   -81.88   51.55
 -71877.294   196.256  -104.42   57.59
 -71501.282   165.258   -82.44   49.40
 -71125.269   130.309   -92.94   36.56
 -70749.252   114.498   -42.05   34.54
 -70373.233   103.770   -28.53   35.41
 -69997.212    94.120   -25.67   34.90
 -69621.188    85.862   -21.96   29.35
 -69245.161    81.386   -11.90   24.32
 -68869.132    73.371   -21.31   12.56
 -68493.101    70.745    -6.98    7.69
 -68117.066    70.888     0.38    5.74
 -67741.030    69.066    -4.85    5.17
 -67364.990    63.668   -14.35    7.87
 -66988.948    62.892    -2.06    8.70
 -66612.904    65.719     7.52   11.04
 -66236.856    69.283     9.48   12.54
 -65860.807    74.309    13.36   12.12
 -65484.754    79.232    13.09    9.81
 -65108.700    80.668     3.82    6.88
 -64732.642    82.899     5.93    5.07
 -64356.582    83.931     2.74    4.94
 -63980.519    83.386    -1.45    7.26
 -63604.454    92.093    23.15   17.21
 -63228.386   106.849    39.24   30.61
 -62852.316   138.120    83.15   40.41
 -62476.243   169.340    83.02   39.14
 -62100.167   204.027    92.23   39.51
 -61724.089   215.976    31.77   36.93
 -61348.008   206.420   -25.41   45.32
 -60971.925   182.078   -64.72   48.60
 -60595.839   151.809   -80.48   28.37
 -60219.750   132.078   -52.46   18.94
 -59843.659   118.204   -36.89   23.36
 -59467.565   102.687   -41.26   22.08
 -59091.469    90.714   -31.83   12.12
 -58715.370    85.642   -13.49    7.97
 -58339.268    85.943     0.80    8.39
 -57963.164    87.642     4.52    8.98
 -57587.057    88.572     2.47    8.40
 -57210.947    88.283    -0.77    8.34
 -56834.835    89.228     2.51   10.27
 -56458.720   103.606    38.23   29.57
 -56082.603   125.709    58.76   38.43
 -55706.483   152.411    70.99   29.06
 -55330.360   173.027    54.81   26.93
 -54954.235   179.253    16.55   28.63
 -54578.107   170.976   -22.01   33.25
 -54201.977   157.642   -35.45   38.18
 -53825.843   130.565   -71.99   42.14
 -53449.708    99.617   -82.28   27.93
 -53073.569    81.467   -48.25   17.98
 -52697.428    68.388   -34.77    9.86
 -52321.284    63.104   -14.05    6.55
 -51945.138    60.984    -5.64    6.04
 -51568.989    59.958    -2.73    6.78
 -51192.837    61.335     3.66    7.31
 -50816.683    61.967     1.68    7.53
 -50440.526    59.174    -7.43    8.37
 -50064.366    55.687    -9.27    8.70
 -49688.204    54.052    -4.35    8.86
 -49312.039    55.617     4.16    9.87
 -48935.871    58.784     8.42   11.44
 -48559.701    63.255    11.89   11.23
 -48183.528    68.309    13.44    7.21
 -47807.353    69.837     4.06    5.06
 -47431.174    65.993   -10.22    8.08
 -47054.993    63.155    -7.54   11.35
 -46678.810    69.862    17.83   24.58
 -46302.624    95.362    67.78   49.18
 -45926.435   116.232    55.48   48.24
 -45550.243   121.209    13.23   42.06
 -45174.049   120.471    -1.96   41.55
 -44797.852   105.109   -40.84   39.66
 -44421.652    83.967   -56.20   14.80
 -44045.450    75.282   -23.09   19.31
 -43669.245    67.822   -19.83   22.00
 -43293.037    56.392   -30.38   16.93
 -42916.827    55.256    -3.02   13.41
 -42540.614    60.809    14.76   13.82
 -42164.398    64.837    10.71   12.41
 -41788.180    68.434     9.56    7.81
 -41411.958    68.362    -0.19    9.48
 -41035.735    68.993     1.68   10.88
 -40659.508    67.283    -4.55   12.34
 -40283.279    63.993    -8.74   14.02
 -39907.047    67.012     8.02   20.64
 -39530.812    77.606    28.16   36.71
 -39154.575   105.484    74.10   50.67
 -38778.335   129.698    64.36   44.20
 -38402.092   139.259    25.41   31.87
 -38025.847   134.440   -12.81   27.03
 -37649.599   123.337   -29.51   29.21
 -37273.348   111.822   -30.60   29.04
 -36897.094    96.448   -40.86   33.10
 -36520.838    71.078   -67.43   35.22
 -36144.579    50.859   -53.74   27.68
 -35768.317    44.579   -16.69   24.06
 -35392.053    53.409    23.47   32.91
 -35015.786    74.437    55.89   39.74
 -34639.516    79.756    14.14   35.86
 -34263.243    84.598    12.87   36.48
 -33886.968    93.694    24.17   29.01
 -33510.690    92.756    -2.49   21.13
 -33134.409    93.392     1.69   17.49
 -32758.125    86.950   -17.12   11.94
 -32381.839    82.093   -12.91    4.14
 -32005.550    82.959     2.30    4.20
 -31629.258    83.411     1.20    4.42
 -31252.964    82.309    -2.93    8.23
 -30876.666    82.525     0.57    8.10
 -30500.366    78.282   -11.28   12.50
 -30124.064    72.309   -15.87   14.50
 -29747.758    69.899    -6.41   17.27
 -29371.450    74.201    11.43   24.51
 -28995.139    96.724    59.85   40.70
 -28618.825   114.565    47.41   39.21
 -28242.509   115.066     1.33   39.19
 -27866.190   104.046   -29.28   37.45
 -27489.868    87.204   -44.75   29.55
 -27113.543    70.309   -44.89   18.64
 -26737.215    62.476   -20.82   16.35
 -26360.885    58.822    -9.71   13.43
 -25984.552    58.031    -2.10   11.69
 -25608.216    62.206    11.09   15.27
 -25231.878    64.181     5.25   18.10
 -24855.536    60.309   -10.29   18.98
 -24479.192    59.768    -1.44   16.84
 -24102.845    61.174     3.73   15.65
 -23726.496    63.519     6.23   15.53
 -23350.143    70.019    17.27   13.15
 -22973.788    71.931     5.08   11.64
 -22597.430    73.859     5.12   10.01
 -22221.069    73.181    -1.80   10.08
 -21844.706    67.019   -16.37   11.88
 -21468.339    58.993   -21.33   11.38
 -21091.970    55.704    -8.74   10.53
 -20715.598    54.206    -3.98    8.22
 -20339.224    54.417     0.56    8.53
 -19962.846    53.950    -1.24    7.00
 -19586.466    52.948    -2.66    5.55
 -19210.083    52.847    -0.27    5.60
 -18833.697    53.232     1.02    5.64
 -18457.308    52.965    -0.71    5.51
 -18080.916    51.822    -3.04    5.15
 -17704.522    48.471    -8.90    7.51
 -17328.125    45.552    -7.75    8.99
 -16951.725    44.525    -2.73   10.95
 -16575.322    46.003     3.93   15.32
 -16198.917    52.730    17.87   23.94
 -15822.615    64.181    30.43   33.15
 -15446.759    91.467    72.60   59.25
 -15070.900   121.642    80.28   74.93
 -14695.038   144.847    61.74   80.82
 -14319.173   161.258    43.66   81.23
 -13943.305   163.147     5.03   85.72
 -13567.435   160.437    -7.21   85.81
 -13191.561   159.390    -2.79   82.09
 -12815.685   145.924   -35.82   76.27
 -12439.806   139.256   -17.74   66.95
 -12063.924   128.153   -29.54   64.26
 -11688.040   101.386   -71.21   58.36
 -11312.153    76.625   -65.87   45.02
 -10936.262    54.552   -58.72   25.56
 -10560.369    44.540   -26.64   21.49
 -10184.473    34.503   -26.70   12.34
  -9808.575    29.181   -14.16    6.02
  -9432.673    25.514    -9.75    4.61
  -9056.769    23.985    -4.07    3.61
  -8680.861    21.052    -7.80    5.76
  -8304.951    17.796    -8.66    9.02
  -7929.038    14.847    -7.84   10.62
  -7553.123    12.633    -5.89   11.92
  -7177.204    11.950    -1.82   12.49
  -6801.283    11.876    -0.20   12.92
  -6425.358    11.625    -0.67   12.81
  -6049.431    13.967     6.23   12.86
  -5673.501    16.371     6.40   11.88
  -5297.568    18.976     6.93   10.37
  -4921.633    22.519     9.43    6.40
  -4545.694    24.066     4.11    2.27
  -4169.753    22.694    -3.65    2.71
  -3793.809    21.476    -3.24    4.63
  -3417.861    18.642    -7.54    8.70
  -3041.911    14.411   -11.25   10.82
  -2665.959    11.741    -7.10   11.57
  -2290.003     7.514   -11.24   10.88
  -1914.044     6.078    -3.82   10.12
  -1538.083     4.386    -4.50    9.19
  -1162.119     6.147     4.68   11.15
   -786.151     7.052     2.41   11.34
   -410.181     7.714     1.76   11.35
    -34.208     8.660     2.52   11.22
    341.768     8.525    -0.36   10.99
    717.746     8.621     0.26   10.63
   1093.728     7.796    -2.20   10.62
   1469.712     7.104    -1.84   10.51
   1845.700     7.253     0.40   11.33
   2221.690     8.976     4.58   13.21
   2597.683    10.614     4.36   13.70
   2973.679    13.617     7.98   14.02
   3349.678    15.967     6.25   13.63
   3725.680    18.822     7.59   12.44
   4101.684    23.309    11.93   10.98
   4477.692    25.719     6.41   10.83
   4853.703    26.455     1.96   10.02
   5229.716    26.864     1.09    9.88
   5605.732    26.914     0.13    9.69
   5981.752    25.598    -3.50    9.95
   6357.774    24.390    -3.21    9.84
   6733.799    23.336    -2.80    8.22
   7109.827    23.080    -0.68    7.11
   7485.857    23.360     0.74    8.11
   7861.891    23.335    -0.07    8.53
   8237.928    23.198    -0.36    8.66
   8613.967    24.411     3.23   10.27
   8990.010    25.392     2.61   10.48
   9366.055    27.873     6.60   11.16
   9742.104    31.386     9.34   11.58
  10118.155    34.204     7.49   11.14
  10494.209    35.012     2.15   10.31
  10870.266    32.847    -5.76   10.34
  11246.326    32.431    -1.11    9.81
  11622.389    32.768     0.90    8.58
  11998.455    36.155     9.01    8.58
  12374.524    39.414     8.67    7.33
  12750.596    40.660     3.31    7.29
  13126.671    41.498     2.23    7.70
  13502.748    44.423     7.78    9.38
  13878.829    47.360     7.81   10.20
  14254.913    50.509     8.37    9.86
  14630.999    52.201     4.50    9.62
  15007.089    52.488     0.76    9.03
  15383.181    52.198    -0.77    8.55
  15759.276    53.256     2.81    8.52
  16135.375    54.950     4.50    8.19
  16511.476    55.783     2.21    6.53
  16887.580    55.677    -0.28    5.85
  17263.687    56.283     1.61    5.13
  17639.797    57.834     4.12    3.90
  18015.911    56.417    -3.77    5.74
  18392.027    54.155    -6.01    7.34
  18768.146    53.125    -2.74    7.63
  19144.268    52.795    -0.88    7.35
  19520.393    54.417     4.31    6.51
  19896.521    56.195     4.73    5.98
  20272.651    53.847    -6.24    7.24
  20648.785    53.534    -0.83    7.50
  21024.922    54.768     3.28    7.60
  21401.062    56.206     3.82    6.74
  21777.205    57.448     3.30    5.38
  22153.351    57.519     0.19    5.90
  22529.499    56.232    -3.42    6.65
  22905.651    56.677     1.18    6.81
  23281.806    58.204     4.06    5.58
  23657.963    58.899     1.85    6.06
  24034.124    60.784     5.01    5.47
  24410.288    62.741     5.20    3.50
  24786.455    60.409    -6.20    6.46
  25162.624    59.072    -3.55    7.66
  25538.797    60.931     4.94   10.25
  25914.973    64.822    10.35   13.52
  26291.151    68.364     9.42   11.90
  26667.333    66.565    -4.78   12.41
  27043.518    64.559    -5.33   14.34
  27419.705    64.822     0.70   16.50
  27795.896    67.909     8.20   17.96
  28172.090    68.888     2.60   16.59
  28548.286    70.388     3.99   15.53
  28924.486    71.283     2.38   14.91
  29300.689    75.546    11.33   14.30
  29676.895    80.151    12.24   12.40
  30053.103    81.174     2.72   11.66
  30429.315    85.134    10.53   11.38
  30805.530    90.837    15.16    8.49
  31181.748    89.809    -2.73    9.82
  31557.969    84.467   -14.20   14.43
  31934.193    78.614   -15.56   15.07
  32310.420    75.579    -8.07   14.48
  32686.650    79.253     9.77   15.66
  33062.882    86.181    18.41   16.08
  33439.118    89.559     8.98   13.64
  33815.358    89.093    -1.24   13.08
  34191.600    85.009   -10.85   14.06
  34567.845    81.694    -8.81   14.30
  34944.093    81.809     0.31   14.27
  35320.344    81.309    -1.33   15.36
  35696.598    77.899    -9.06   15.86
  36072.856    75.993    -5.06   15.74
  36449.116    72.337    -9.72   15.73
  36825.379    68.463   -10.30   12.97
  37201.646    71.931     9.22   13.10
  37577.915    74.034     5.59   13.54
  37954.188    79.232    13.81   14.91
  38330.463    87.937    23.14   14.27
  38706.742    91.822    10.32   10.22
  39083.024    94.714     7.69    7.78
  39459.309    92.309    -6.39   10.05
  39835.596    88.283   -10.70   10.28
  40211.887    86.147    -5.68   10.98
  40588.181    80.709   -14.45   12.12
  40964.478    77.027    -9.79   11.41
  41340.778    79.120     5.56   12.13
  41717.082    78.835    -0.76   14.83
  42093.388    77.514    -3.51   16.54
  42469.697    77.335    -0.48   17.01
  42846.010    72.726   -12.25   16.81
  43222.325    67.104   -14.94   16.44
  43598.644    64.849    -5.99   14.89
  43974.965    63.232    -4.30   12.46
  44351.290    61.232    -5.31   10.11
  44727.618    67.166    15.77   12.95
  45103.949    74.498    19.48   14.79
  45480.283    81.985    19.89   12.34
  45856.620    84.046     5.48    9.77
  46232.960    80.677    -8.95   11.33
  46609.303    75.087   -14.86   13.28
  46985.650    68.211   -18.27   12.21
  47361.999    66.181    -5.40   11.79
  47738.352    70.985    12.76   13.34
  48114.708    73.642     7.06   13.48
  48491.066    72.519    -2.98   12.69
  48867.428    67.155   -14.25   13.98
  49243.793    58.849   -22.07   13.02
  49620.161    53.950   -13.02   13.68
  49996.533    53.309    -1.70   15.29
  50372.907    52.283    -2.73   16.20
  50749.284    52.796     1.36   13.29
  51125.665    51.838    -2.54   11.39
  51502.049    48.822    -8.01   12.91
  51878.435    50.525     4.52   14.03
  52254.825    53.336     7.47   16.97
  52631.218    60.201    18.24   17.09
  53007.615    63.892     9.81   15.24
  53384.014    67.232     8.87   16.30
  53760.416    63.565    -9.74   17.79
  54136.822    63.967     1.07   19.43
  54513.230    66.052     5.54   18.20
  54889.642    61.719   -11.51   16.74
  55266.057    59.719    -5.31   14.32
  55642.475    56.552    -8.41   15.49
  56018.897    53.488    -8.14   13.35
  56395.321    53.670     0.48   13.15
  56771.748    58.256    12.18   14.64
  57148.179    62.734    11.90   14.68
  57524.613    64.521     4.75   12.08
  57901.050    68.873    11.56   10.31
  58277.490    71.822     7.84    7.04
  58653.933    73.849     5.38    6.15
  59030.380    73.768    -0.22    5.82
  59406.519    73.087    -1.81    6.43
  59782.339    70.488    -6.91    7.65
  60158.163    67.052    -9.14   10.02
  60533.990    62.414   -12.34   11.32
  60909.821    55.719   -17.81   13.14
  61285.654    50.027   -15.15   15.39
  61661.490    42.155   -20.95   16.16
  62037.330    28.606   -36.05   22.45
  62413.173    16.514   -32.17   22.00
  62789.019     6.170   -27.52   15.62
  63164.868     1.309   -12.93    7.49
  63540.720     2.546     3.29    7.94
  63916.576     4.684     5.69    8.63
  64292.435     7.411     7.26   10.08
  64668.296    14.985    20.15   14.51
  65044.161    22.741    20.64   15.37
  65420.029    30.282    20.06   15.26
  65795.901    33.087     7.46   13.78
  66171.775    32.783    -0.81   15.94
  66547.653    33.360     1.54   17.89
  66923.534    30.958    -6.39   18.56
  67299.418    33.232     6.05   18.41
  67675.305    30.950    -6.07   18.63
  68051.196    30.283    -1.77   14.83
  68427.089    28.012    -6.04   14.25
  68802.986    23.950   -10.81   12.12
  69178.886    27.741    10.09   14.24
  69554.789    33.155    14.40   15.45
  69930.696    42.440    24.70   15.62
  70306.605    46.090     9.71   15.05
  70682.518    42.104   -10.60   16.39
  71058.434    34.809   -19.41   14.68
  71434.353    33.174    -4.35   12.57
  71810.275    33.768     1.58   12.40
  72186.201    39.809    16.07   13.00
  72562.130    43.388     9.52   11.69
  72938.062    50.617    19.23   10.18
  73313.997    53.039     6.44   10.39
  73689.935    52.796    -0.65    9.64
  74065.877    48.719   -10.84   12.40
  74441.822    43.924   -12.75   14.94
  74817.770    36.579   -19.54   16.05
  75193.721    31.155   -14.43   17.14
  75569.675    22.390   -23.31   19.32
  75945.633    11.572   -28.77   16.64
  76321.594     1.914   -25.69   11.17
  76697.558    -2.066   -10.59    7.26
  77073.526    -1.896     0.45    7.43
  77449.496     0.388     6.08    7.44
  77825.470     2.849     6.55    7.08
  78201.447     5.540     7.16    5.82
  78577.428     8.503     7.88    5.64
  78953.411    11.388     7.67    8.68
  79329.398    15.386    10.63   11.00
  79705.388    21.417    16.04   11.50
  80081.381    26.411    13.28    8.93
  80457.378    30.411    10.64   10.95
  80833.377    34.565    11.05   11.87
  81209.380    36.579     5.36   11.55
  81585.387    37.360     2.08   11.85
  81961.396    38.525     3.10   12.58
  82337.409    40.598     5.51   12.70
  82713.425    44.388    10.08   14.17
  83089.444    49.715    14.17   16.92
  83465.467    54.950    13.92   17.06
  83841.492    65.572    28.25   18.00
  84217.521    74.525    23.81   18.88
  84593.554    83.052    22.68   19.63
  84969.589    93.059    26.61   13.36
  85345.628    93.463     1.07   14.15
  85721.670    87.411   -16.09   16.59
  86097.716    84.741    -7.10   16.01
  86473.764    87.181     6.49   17.29
  86849.816    92.052    12.96   15.57
  87225.871    97.309    13.98   11.53
  87601.930    96.031    -3.40   12.91
  87977.992    88.617   -19.72   16.63
  88354.057    80.552   -21.44   16.11
  88730.125    77.625    -7.78   14.58
  89106.196    83.795    16.41   17.24
  89482.271    94.903    29.54   16.97
  89858.350    95.924     2.72   16.19
  90234.431    97.283     3.61   17.69
  90610.516    95.559    -4.58   18.13
  90986.604    94.540    -2.71   16.93
  91362.695    96.892     6.26   17.88
  91738.790    94.888    -5.33   18.95
  92114.888    91.719    -8.43   20.31
  92490.989    86.822   -13.02   22.46
  92867.093    78.976   -20.86   20.14
  93243.201    71.514   -19.84   15.45
  93619.312    66.309   -13.84   11.35
  93995.427    63.985    -6.18    9.02
  94371.545    66.609     6.98   14.84
  94747.666    83.768    45.62   38.68
  95123.790   120.012    96.36   59.41
  95499.918   157.390    99.38   62.45
  95876.049   199.250   111.29   42.03
  96252.183   219.719    54.42   21.75
  96628.321   222.155     6.48   13.98
  97004.462   213.476   -23.08   22.69
  97380.606   180.001   -89.00   50.57
  97756.754   149.142   -82.04   54.59
  98132.904   132.204   -45.03   44.67
  98509.059   127.565   -12.33   42.13
  98885.216   130.822     8.66   46.52
  99261.377   126.940   -10.32   47.83
  99637.542   112.104   -39.44   43.23
 100013.709    96.206   -42.26   28.46
 100389.880    92.660    -9.43   27.02
 100766.054    93.559     2.39   25.88
 101142.232    91.704    -4.93   23.47
 101518.413    85.363   -16.86   14.67
 101894.597    85.849     1.29   13.59
 102270.785    90.109    11.32   14.29
 102646.976    92.463     6.26   15.27
 103023.170    91.976    -1.30   16.78
 103399.368    91.476    -1.33   19.22
 103775.569    90.335    -3.03   20.49
 104151.773    87.031    -8.78   20.70
 104527.981    79.414   -20.25   19.75
 104904.192    71.745   -20.39   14.90
 105280.407    66.985   -12.65   12.56
 105656.625    64.151    -7.53   13.81
 106032.846    59.967   -11.12   14.10
 106409.070    59.734    -0.62   13.76
 106785.298    71.201    30.48   22.94
 107161.530    79.009    20.75   23.67
 107537.764    86.847    20.83   21.00
 107914.002    86.931     0.22   21.77
 108290.244    73.174   -36.56   22.13
 108666.489    68.931   -11.28   19.20
 109042.737    67.052    -4.99   18.95
 109418.988    71.488    11.79   19.54
 109795.243    73.698     5.87   18.89
 110171.502    74.151     1.20   19.39
 110547.763    79.174    13.35   20.47
 110924.029    81.204     5.39   19.14
 111300.297    79.459    -4.64   16.63
 111676.569    76.931    -6.72   14.70
 112052.844    78.309     3.66   13.90
 112429.123    73.835   -11.89   12.06
 112805.405    69.759   -10.83   13.04
 113181.690    65.039   -12.54    9.84
 113557.979    66.724     4.48   12.18
 113934.272    73.514    18.05   14.55
 114310.567    79.876    16.91   12.51
 114686.866    84.606    12.57    9.72
 115063.169    84.579    -0.07    9.98
 115439.475    85.283     1.87   11.03
 115815.784    82.719    -6.81   12.10
 116192.097    77.080   -14.98   14.41
 116568.413    74.463    -6.96   15.05
 116944.732    76.633     5.77   17.50
 117321.055    77.147     1.36   16.71
 117697.382    74.104    -8.09   18.34
 118073.712    70.633    -9.22   18.47
 118450.045    64.437   -16.46   13.96
 118826.381    61.783    -7.05   11.09
 119202.721    68.059    16.68   13.62
 119579.065    82.201    37.58   16.80
 119955.412    92.041    26.15   15.54
 120331.762    98.027    15.91   12.64
 120708.116    97.531    -1.32   13.52
 121084.473    90.552   -18.54   19.03
 121460.834    81.201   -24.85   20.10
 121837.198    72.177   -23.98   15.93
 122213.566    69.463    -7.21   14.15
 122589.937    69.427    -0.10   15.16
 122966.311    77.899    22.51   16.41
 123342.689    79.967     5.50   16.31
 123719.070    79.147    -2.18   16.16
 124095.455    73.411   -15.24   17.76
 124471.843    66.741   -17.72   16.65
 124848.235    57.694   -24.04   11.55
 125224.630    56.386    -3.47   10.73
 125601.029    58.284     5.04   12.77
 125977.431    61.414     8.32   14.85
 126353.836    69.078    20.36   16.40
 126730.245    74.052    13.22   15.68
 127106.658    76.142     5.55   14.10
 127483.074    71.525   -12.27   17.72
 127859.493    63.147   -22.26   18.80
 128235.916    59.363   -10.05   17.82
 128612.342    53.206   -16.36   16.79
 128988.772    48.400   -12.77   13.48
 129365.205    43.984   -11.73   11.55
 129741.642    39.862   -10.95    7.87
 130118.082    40.226     0.97    9.63
 130494.526    48.847    22.90   17.41
 130870.973    57.336    22.55   16.67
 131247.424    65.181    20.84   14.68
 131623.878    68.181     7.97   12.56
 132000.336    66.258    -5.11   13.25
 132376.797    62.151   -10.91   13.79
 132753.262    58.437    -9.87   13.77
 133129.730    58.335    -0.27   13.10
 133506.201    60.170     4.88   12.48
 133882.676    59.390    -2.07   12.93
 134259.155    58.440    -2.52   12.39
 134635.093    58.822     1.02   12.05
 135010.884    61.467     7.04   12.91
 135386.679    67.427    15.86   16.09
 135762.478    73.283    15.59   15.93
 136138.280    78.206    13.10   15.24
 136514.085    85.587    19.64   14.55
 136889.894    90.694    13.59   12.73
 137265.707    92.228     4.08   11.29
 137641.523    88.488    -9.95   13.71
 138017.342    78.514   -26.54   16.06
 138393.165    70.104   -22.38   15.75
 138768.991    65.783   -11.50   12.01
 139144.821    64.155    -4.33   11.79
 139520.655    65.719     4.16   12.36
 139896.492    69.364     9.70   13.55
 140272.332    72.228     7.62   13.94
 140648.176    76.019    10.09   14.69
 141024.024    78.741     7.24   14.98
 141399.875    78.924     0.49   15.00
 141775.729    75.927    -7.98   12.48
 142151.588    74.309    -4.30    9.86
 142527.449    76.386     5.53    9.57
 142903.314    77.448     2.83   10.01
 143279.183    80.694     8.64    9.91
 143655.055    83.309     6.96   10.08
 144030.931    84.488     3.14    9.51
 144406.810    86.360     4.98    8.20
 144782.693    84.694    -4.43    9.08
 145158.579    79.835   -12.93   11.87
 145534.469    72.822   -18.66    9.79
 145910.363    67.884   -13.14    8.61
 146286.260    66.502    -3.68    8.05
